Enter Minimum:  0
Enter Maximum:  99
Enter Repetitions:  18
Enter Trials:  1000
Enter the highest event number inclusive:  11
Enter the number of necessary positives for a trial to be counted:  2
Trial 1: [66, 0, 81, 18, 23, 38, 83, 14, 33, 62, 67, 41, 15, 4, 26, 0, 84, 73]
3 of 18
Trial 2: [68, 8, 40, 13, 19, 44, 58, 20, 18, 72, 2, 58, 85, 43, 51, 94, 12, 42]
2 of 18
Trial 3: [7, 55, 63, 15, 62, 53, 5, 78, 85, 80, 55, 41, 3, 87, 91, 48, 75, 90]
3 of 18
Trial 4: [63, 56, 44, 74, 94, 55, 56, 52, 6, 27, 65, 57, 42, 7, 2, 77, 84, 53]
3 of 18
Trial 5: [12, 79, 93, 3, 69, 71, 17, 11, 10, 18, 47, 3, 73, 90, 9, 82, 63, 89]
5 of 18
Trial 6: [71, 36, 46, 89, 40, 6, 29, 10, 64, 19, 66, 25, 4, 37, 62, 25, 54, 23]
3 of 18
Trial 7: [12, 63, 82, 25, 84, 20, 39, 59, 65, 73, 81, 62, 56, 81, 69, 68, 33, 70]
0 of 18
Trial 8: [14, 92, 9, 12, 30, 91, 95, 70, 79, 72, 68, 1, 87, 60, 55, 35, 2, 14]
3 of 18
Trial 9: [31, 41, 95, 3, 58, 90, 52, 20, 34, 88, 62, 7, 31, 64, 48, 37, 83, 94]
2 of 18
Trial 10: [67, 66, 18, 29, 30, 5, 12, 62, 78, 8, 57, 42, 26, 74, 17, 60, 11, 30]
3 of 18
Trial 11: [48, 81, 39, 66, 48, 85, 80, 52, 54, 48, 41, 50, 28, 94, 26, 60, 94, 39]
0 of 18
Trial 12: [22, 79, 75, 26, 42, 6, 28, 30, 32, 40, 77, 59, 94, 40, 70, 17, 42, 63]
1 of 18
Trial 13: [70, 36, 32, 36, 15, 36, 99, 83, 11, 27, 74, 67, 33, 49, 69, 82, 19, 95]
1 of 18
Trial 14: [70, 69, 72, 46, 54, 23, 8, 79, 9, 91, 39, 13, 75, 86, 48, 37, 50, 44]
2 of 18
Trial 15: [0, 44, 83, 2, 64, 58, 62, 10, 58, 49, 9, 77, 55, 24, 11, 37, 5, 52]
6 of 18
Trial 16: [64, 48, 95, 92, 23, 46, 12, 14, 15, 55, 55, 64, 41, 31, 99, 85, 6, 43]
1 of 18
Trial 17: [97, 43, 21, 80, 12, 17, 5, 87, 99, 28, 0, 94, 22, 24, 8, 97, 21, 0]
4 of 18
Trial 18: [89, 35, 19, 92, 73, 3, 30, 31, 15, 16, 48, 92, 95, 47, 81, 85, 65, 7]
2 of 18
Trial 19: [95, 61, 47, 90, 23, 67, 10, 36, 77, 7, 62, 30, 19, 62, 68, 97, 54, 74]
2 of 18
Trial 20: [22, 26, 26, 44, 4, 75, 3, 5, 2, 93, 43, 69, 89, 85, 34, 88, 29, 14]
4 of 18
Trial 21: [0, 5, 51, 4, 49, 21, 31, 74, 35, 37, 20, 32, 22, 98, 24, 42, 28, 5]
4 of 18
Trial 22: [75, 26, 35, 56, 4, 42, 99, 97, 21, 67, 46, 6, 43, 40, 88, 12, 63, 30]
2 of 18
Trial 23: [80, 6, 46, 30, 36, 88, 13, 31, 73, 65, 82, 23, 98, 12, 28, 52, 53, 84]
1 of 18
Trial 24: [53, 19, 76, 4, 89, 21, 41, 9, 98, 49, 46, 73, 10, 22, 81, 18, 43, 75]
3 of 18
Trial 25: [40, 30, 74, 63, 58, 13, 12, 65, 88, 12, 35, 10, 97, 93, 27, 62, 59, 81]
1 of 18
Trial 26: [34, 83, 21, 8, 38, 34, 61, 46, 46, 22, 78, 1, 21, 25, 60, 56, 91, 44]
2 of 18
Trial 27: [49, 5, 88, 69, 93, 75, 31, 75, 71, 33, 30, 33, 16, 26, 89, 9, 43, 80]
2 of 18
Trial 28: [21, 98, 77, 50, 99, 79, 82, 48, 5, 45, 9, 9, 65, 39, 93, 59, 37, 74]
3 of 18
Trial 29: [41, 44, 85, 37, 89, 67, 41, 39, 74, 72, 61, 82, 64, 60, 82, 17, 92, 30]
0 of 18
Trial 30: [2, 23, 11, 60, 58, 61, 87, 93, 1, 46, 15, 70, 18, 12, 75, 2, 44, 97]
4 of 18
Trial 31: [51, 37, 16, 5, 9, 50, 68, 41, 97, 35, 61, 21, 94, 79, 47, 61, 85, 54]
2 of 18
Trial 32: [36, 52, 62, 47, 4, 46, 25, 8, 59, 40, 4, 39, 56, 65, 39, 53, 32, 59]
3 of 18
Trial 33: [62, 51, 61, 69, 63, 84, 78, 18, 28, 78, 78, 4, 68, 47, 77, 25, 65, 4]
2 of 18
Trial 34: [8, 9, 53, 42, 89, 16, 19, 40, 11, 19, 63, 81, 95, 97, 93, 94, 70, 62]
3 of 18
Trial 35: [84, 76, 95, 19, 33, 4, 16, 91, 79, 46, 3, 26, 99, 51, 38, 62, 32, 52]
2 of 18
Trial 36: [83, 44, 47, 83, 7, 75, 74, 10, 35, 17, 31, 13, 37, 95, 91, 73, 47, 28]
2 of 18
Trial 37: [22, 95, 12, 86, 8, 48, 72, 36, 45, 49, 95, 55, 59, 95, 69, 55, 73, 82]
1 of 18
Trial 38: [84, 70, 84, 16, 40, 86, 47, 10, 13, 14, 46, 11, 21, 22, 93, 95, 30, 13]
2 of 18
Trial 39: [96, 81, 71, 61, 54, 84, 6, 93, 96, 74, 63, 24, 85, 88, 97, 85, 81, 94]
1 of 18
Trial 40: [93, 52, 90, 62, 65, 4, 71, 42, 52, 36, 17, 19, 97, 44, 39, 31, 33, 53]
1 of 18
Trial 41: [0, 11, 16, 62, 67, 46, 46, 17, 64, 39, 40, 38, 60, 33, 14, 47, 21, 8]
3 of 18
Trial 42: [23, 29, 69, 1, 89, 11, 67, 12, 93, 45, 96, 11, 14, 38, 10, 9, 75, 34]
5 of 18
Trial 43: [52, 50, 76, 7, 56, 3, 77, 39, 53, 50, 76, 18, 18, 75, 4, 89, 8, 30]
4 of 18
Trial 44: [73, 67, 79, 24, 50, 0, 56, 41, 86, 73, 13, 50, 97, 10, 60, 74, 94, 8]
3 of 18
Trial 45: [37, 94, 92, 38, 73, 58, 82, 48, 53, 12, 53, 23, 59, 66, 53, 94, 79, 52]
0 of 18
Trial 46: [98, 2, 36, 10, 53, 68, 95, 97, 9, 47, 80, 50, 60, 88, 75, 80, 88, 57]
3 of 18
Trial 47: [50, 83, 4, 58, 15, 77, 33, 70, 63, 30, 87, 70, 32, 23, 25, 15, 49, 93]
1 of 18
Trial 48: [28, 29, 24, 63, 44, 84, 16, 19, 56, 48, 42, 92, 57, 64, 8, 25, 54, 10]
2 of 18
Trial 49: [68, 17, 57, 26, 75, 93, 74, 41, 88, 34, 98, 34, 62, 4, 56, 41, 68, 31]
1 of 18
Trial 50: [64, 87, 6, 36, 22, 67, 59, 85, 76, 9, 12, 35, 71, 61, 31, 29, 84, 74]
2 of 18
Trial 51: [31, 10, 94, 18, 33, 79, 91, 45, 9, 93, 99, 24, 42, 37, 43, 47, 12, 69]
2 of 18
Trial 52: [28, 76, 51, 70, 57, 72, 97, 31, 69, 42, 8, 12, 96, 76, 83, 37, 43, 82]
1 of 18
Trial 53: [88, 49, 91, 24, 38, 23, 9, 72, 69, 99, 25, 6, 64, 90, 47, 93, 43, 4]
3 of 18
Trial 54: [13, 10, 49, 17, 38, 22, 16, 10, 83, 97, 98, 15, 2, 10, 18, 97, 98, 43]
4 of 18
Trial 55: [84, 51, 94, 64, 82, 97, 28, 86, 29, 60, 74, 53, 50, 9, 39, 86, 80, 34]
1 of 18
Trial 56: [47, 9, 9, 30, 99, 94, 30, 47, 55, 69, 3, 92, 49, 33, 19, 72, 3, 94]
4 of 18
Trial 57: [70, 26, 59, 57, 48, 3, 76, 91, 0, 75, 80, 8, 95, 50, 80, 15, 96, 84]
3 of 18
Trial 58: [39, 97, 66, 17, 23, 92, 0, 96, 61, 61, 9, 81, 41, 5, 97, 29, 4, 68]
4 of 18
Trial 59: [42, 55, 61, 85, 76, 73, 37, 62, 33, 21, 72, 25, 31, 51, 25, 63, 37, 7]
1 of 18
Trial 60: [78, 35, 39, 20, 54, 36, 34, 75, 22, 5, 62, 34, 34, 97, 65, 24, 33, 54]
1 of 18
Trial 61: [30, 85, 53, 86, 9, 81, 41, 69, 21, 99, 60, 10, 39, 90, 77, 92, 99, 56]
2 of 18
Trial 62: [69, 49, 32, 82, 10, 91, 37, 74, 40, 41, 13, 65, 63, 46, 76, 69, 2, 3]
3 of 18
Trial 63: [92, 89, 4, 20, 50, 71, 68, 32, 3, 1, 18, 37, 83, 79, 89, 44, 32, 84]
3 of 18
Trial 64: [27, 8, 81, 51, 8, 9, 80, 90, 87, 56, 80, 67, 24, 29, 25, 65, 71, 6]
4 of 18
Trial 65: [87, 36, 46, 1, 99, 21, 12, 13, 31, 39, 72, 7, 53, 28, 75, 97, 23, 70]
2 of 18
Trial 66: [93, 38, 97, 24, 71, 32, 82, 90, 77, 96, 50, 67, 6, 68, 10, 31, 24, 85]
2 of 18
Trial 67: [30, 85, 19, 21, 4, 65, 51, 90, 9, 4, 40, 4, 39, 54, 99, 40, 41, 93]
4 of 18
Trial 68: [97, 55, 25, 53, 84, 58, 96, 82, 71, 34, 35, 32, 78, 59, 69, 29, 74, 40]
0 of 18
Trial 69: [64, 1, 83, 13, 92, 14, 69, 6, 96, 11, 35, 33, 32, 4, 80, 3, 32, 70]
5 of 18
Trial 70: [70, 6, 76, 33, 6, 12, 97, 19, 94, 35, 53, 53, 78, 99, 56, 9, 69, 46]
3 of 18
Trial 71: [4, 33, 79, 75, 85, 91, 77, 8, 74, 95, 15, 33, 88, 60, 83, 24, 73, 77]
2 of 18
Trial 72: [37, 76, 39, 1, 89, 7, 97, 34, 71, 83, 43, 99, 85, 46, 52, 58, 65, 87]
2 of 18
Trial 73: [60, 45, 4, 10, 8, 63, 62, 16, 79, 12, 4, 39, 83, 99, 63, 12, 99, 45]
4 of 18
Trial 74: [20, 53, 50, 92, 57, 18, 18, 9, 46, 47, 71, 85, 98, 9, 44, 50, 86, 97]
2 of 18
Trial 75: [39, 93, 22, 83, 3, 41, 73, 28, 21, 91, 47, 79, 83, 54, 59, 93, 71, 50]
1 of 18
Trial 76: [80, 10, 7, 68, 14, 98, 55, 48, 58, 75, 94, 87, 91, 70, 11, 82, 52, 87]
3 of 18
Trial 77: [97, 20, 94, 43, 42, 4, 11, 78, 81, 82, 12, 87, 96, 28, 98, 23, 68, 8]
3 of 18
Trial 78: [33, 38, 76, 93, 55, 12, 79, 83, 76, 61, 91, 75, 33, 25, 68, 41, 84, 90]
0 of 18
Trial 79: [66, 82, 51, 45, 3, 90, 11, 62, 76, 36, 74, 38, 5, 38, 39, 48, 98, 69]
3 of 18
Trial 80: [40, 75, 47, 98, 45, 56, 54, 69, 84, 19, 69, 92, 92, 0, 60, 80, 19, 91]
1 of 18
Trial 81: [86, 58, 91, 9, 47, 72, 23, 38, 60, 95, 25, 62, 10, 73, 67, 89, 90, 40]
2 of 18
Trial 82: [79, 3, 83, 14, 87, 5, 76, 34, 58, 96, 19, 43, 51, 20, 15, 23, 30, 46]
2 of 18
Trial 83: [3, 55, 62, 82, 73, 19, 16, 87, 47, 49, 49, 44, 81, 36, 83, 0, 24, 54]
2 of 18
Trial 84: [51, 39, 29, 92, 92, 84, 10, 11, 98, 23, 79, 39, 53, 58, 30, 75, 92, 68]
2 of 18
Trial 85: [52, 2, 87, 61, 60, 45, 39, 47, 5, 95, 80, 50, 68, 79, 12, 41, 59, 58]
2 of 18
Trial 86: [95, 0, 11, 26, 31, 56, 25, 26, 59, 14, 51, 68, 50, 96, 26, 89, 98, 61]
2 of 18
Trial 87: [65, 99, 75, 28, 44, 86, 89, 89, 23, 62, 98, 35, 0, 17, 57, 82, 16, 80]
1 of 18
Trial 88: [96, 36, 15, 16, 26, 17, 56, 47, 25, 98, 3, 20, 10, 65, 3, 99, 35, 27]
3 of 18
Trial 89: [50, 58, 58, 42, 92, 23, 28, 65, 77, 47, 98, 77, 58, 15, 45, 57, 39, 32]
0 of 18
Trial 90: [57, 25, 24, 95, 68, 97, 4, 30, 11, 86, 2, 21, 63, 66, 37, 52, 99, 86]
3 of 18
Trial 91: [47, 85, 86, 96, 20, 4, 0, 33, 47, 13, 64, 51, 4, 85, 39, 99, 29, 30]
3 of 18
Trial 92: [83, 77, 39, 81, 86, 16, 58, 10, 33, 86, 70, 24, 63, 20, 12, 82, 5, 47]
2 of 18
Trial 93: [79, 42, 93, 56, 96, 37, 5, 15, 83, 66, 28, 91, 17, 30, 13, 4, 34, 73]
2 of 18
Trial 94: [13, 7, 67, 38, 30, 52, 97, 79, 40, 55, 52, 78, 65, 64, 96, 16, 22, 43]
1 of 18
Trial 95: [50, 22, 13, 76, 60, 8, 40, 35, 58, 1, 70, 29, 34, 49, 88, 67, 24, 72]
2 of 18
Trial 96: [66, 41, 13, 25, 76, 41, 13, 32, 97, 80, 59, 44, 88, 28, 11, 90, 0, 74]
2 of 18
Trial 97: [73, 73, 87, 79, 71, 16, 78, 60, 27, 22, 69, 44, 12, 86, 90, 17, 14, 81]
0 of 18
Trial 98: [68, 71, 30, 72, 1, 10, 87, 42, 16, 58, 46, 83, 75, 33, 30, 98, 64, 57]
2 of 18
Trial 99: [21, 96, 4, 66, 15, 0, 16, 4, 5, 31, 99, 1, 26, 89, 71, 65, 89, 54]
5 of 18
Trial 100: [35, 30, 67, 42, 48, 49, 81, 13, 41, 48, 71, 65, 45, 46, 51, 3, 98, 9]
2 of 18
Trial 101: [31, 58, 25, 78, 66, 19, 8, 34, 59, 17, 91, 51, 4, 57, 1, 81, 12, 25]
3 of 18
Trial 102: [53, 83, 44, 12, 40, 24, 87, 51, 85, 16, 94, 56, 12, 16, 48, 98, 48, 19]
0 of 18
Trial 103: [84, 18, 74, 20, 65, 61, 79, 20, 59, 19, 35, 97, 5, 66, 3, 12, 44, 29]
2 of 18
Trial 104: [43, 29, 8, 17, 70, 88, 26, 37, 12, 90, 44, 58, 73, 58, 30, 33, 3, 26]
2 of 18
Trial 105: [62, 50, 36, 63, 65, 85, 41, 21, 45, 40, 29, 86, 60, 94, 6, 46, 77, 45]
1 of 18
Trial 106: [22, 86, 4, 43, 50, 29, 76, 13, 58, 17, 41, 33, 63, 44, 52, 51, 85, 73]
1 of 18
Trial 107: [21, 59, 15, 94, 51, 2, 44, 6, 18, 17, 11, 31, 51, 13, 18, 31, 56, 98]
3 of 18
Trial 108: [2, 37, 22, 72, 82, 71, 28, 95, 48, 71, 86, 34, 0, 82, 11, 38, 77, 52]
3 of 18
Trial 109: [24, 97, 2, 0, 32, 38, 85, 81, 78, 76, 89, 44, 56, 46, 69, 11, 0, 19]
4 of 18
Trial 110: [4, 33, 33, 12, 98, 7, 18, 17, 98, 86, 75, 76, 97, 35, 47, 85, 55, 42]
2 of 18
Trial 111: [32, 52, 45, 64, 59, 13, 23, 81, 57, 87, 5, 11, 96, 3, 46, 96, 11, 97]
4 of 18
Trial 112: [32, 2, 51, 22, 69, 5, 3, 79, 48, 66, 50, 27, 86, 84, 35, 3, 25, 96]
4 of 18
Trial 113: [9, 92, 42, 14, 65, 27, 57, 10, 77, 76, 8, 44, 2, 56, 86, 9, 88, 76]
5 of 18
Trial 114: [36, 30, 41, 42, 52, 42, 67, 35, 75, 24, 46, 56, 5, 14, 81, 90, 6, 6]
3 of 18
Trial 115: [90, 40, 62, 8, 48, 65, 37, 75, 61, 69, 37, 76, 97, 15, 91, 51, 32, 95]
1 of 18
Trial 116: [76, 22, 10, 83, 78, 47, 45, 76, 58, 72, 7, 80, 21, 18, 15, 32, 34, 29]
2 of 18
Trial 117: [74, 31, 18, 49, 90, 35, 45, 80, 3, 68, 14, 91, 60, 65, 18, 1, 64, 31]
2 of 18
Trial 118: [68, 13, 76, 61, 41, 2, 74, 0, 15, 38, 32, 95, 41, 22, 19, 39, 96, 14]
2 of 18
Trial 119: [28, 80, 26, 91, 59, 92, 66, 94, 13, 42, 54, 18, 98, 94, 11, 0, 78, 46]
2 of 18
Trial 120: [89, 53, 41, 72, 2, 2, 54, 53, 40, 30, 23, 60, 35, 62, 9, 82, 46, 34]
3 of 18
Trial 121: [99, 61, 94, 56, 87, 82, 40, 83, 37, 39, 68, 25, 82, 21, 3, 59, 40, 48]
1 of 18
Trial 122: [62, 84, 53, 44, 61, 11, 12, 99, 55, 23, 88, 5, 9, 14, 58, 20, 39, 94]
3 of 18
Trial 123: [90, 19, 91, 25, 36, 70, 36, 30, 31, 25, 54, 89, 57, 65, 1, 73, 61, 68]
1 of 18
Trial 124: [11, 36, 10, 93, 84, 21, 49, 77, 0, 5, 53, 45, 74, 77, 26, 24, 31, 13]
4 of 18
Trial 125: [14, 64, 12, 36, 6, 67, 54, 32, 80, 96, 44, 17, 93, 62, 21, 56, 34, 12]
1 of 18
Trial 126: [82, 85, 38, 66, 99, 22, 12, 98, 21, 99, 72, 80, 21, 30, 37, 7, 92, 5]
2 of 18
Trial 127: [7, 87, 68, 96, 98, 11, 15, 21, 77, 97, 83, 95, 80, 23, 4, 45, 52, 86]
3 of 18
Trial 128: [32, 75, 78, 11, 3, 53, 24, 87, 61, 90, 22, 98, 77, 7, 91, 35, 33, 11]
4 of 18
Trial 129: [34, 36, 35, 3, 36, 92, 13, 50, 97, 73, 54, 58, 96, 19, 22, 63, 41, 73]
1 of 18
Trial 130: [7, 51, 67, 9, 1, 88, 50, 50, 91, 62, 41, 8, 47, 33, 19, 34, 71, 50]
4 of 18
Trial 131: [54, 46, 16, 81, 91, 54, 55, 18, 22, 98, 81, 87, 93, 88, 71, 86, 44, 38]
0 of 18
Trial 132: [14, 66, 88, 94, 82, 2, 57, 47, 62, 96, 76, 55, 60, 40, 68, 32, 81, 5]
2 of 18
Trial 133: [37, 86, 90, 60, 59, 38, 84, 67, 46, 12, 66, 3, 92, 5, 98, 23, 58, 8]
3 of 18
Trial 134: [90, 80, 67, 1, 4, 42, 90, 86, 58, 61, 17, 98, 71, 18, 87, 51, 11, 31]
3 of 18
Trial 135: [62, 1, 33, 18, 89, 85, 46, 82, 59, 36, 96, 74, 91, 83, 36, 83, 81, 96]
1 of 18
Trial 136: [57, 72, 24, 42, 3, 81, 62, 37, 5, 70, 52, 16, 12, 38, 39, 35, 61, 49]
2 of 18
Trial 137: [50, 36, 75, 11, 15, 68, 93, 95, 83, 39, 3, 54, 93, 72, 55, 16, 26, 4]
3 of 18
Trial 138: [91, 15, 16, 97, 23, 28, 89, 64, 92, 87, 98, 57, 93, 45, 28, 62, 88, 99]
0 of 18
Trial 139: [14, 26, 79, 20, 66, 95, 79, 91, 81, 19, 35, 59, 82, 48, 63, 55, 25, 5]
1 of 18
Trial 140: [37, 70, 77, 96, 58, 88, 49, 95, 85, 56, 64, 60, 24, 66, 67, 67, 70, 90]
0 of 18
Trial 141: [59, 27, 72, 54, 78, 73, 83, 22, 34, 17, 75, 13, 36, 21, 11, 27, 64, 53]
1 of 18
Trial 142: [19, 23, 77, 47, 35, 60, 29, 26, 66, 81, 24, 66, 81, 71, 27, 10, 31, 60]
1 of 18
Trial 143: [26, 41, 57, 82, 90, 57, 31, 17, 28, 75, 18, 74, 85, 81, 79, 56, 42, 56]
0 of 18
Trial 144: [58, 44, 69, 21, 11, 2, 0, 24, 13, 17, 39, 59, 83, 79, 10, 11, 30, 71]
5 of 18
Trial 145: [79, 85, 4, 96, 44, 95, 21, 62, 26, 54, 38, 61, 69, 89, 79, 80, 43, 12]
1 of 18
Trial 146: [38, 64, 19, 70, 64, 63, 98, 76, 62, 24, 37, 42, 95, 96, 15, 82, 88, 13]
0 of 18
Trial 147: [0, 28, 48, 95, 93, 47, 75, 22, 63, 57, 39, 98, 82, 42, 4, 35, 17, 57]
2 of 18
Trial 148: [63, 60, 18, 38, 93, 85, 6, 11, 18, 8, 37, 50, 81, 98, 60, 44, 94, 45]
3 of 18
Trial 149: [20, 63, 27, 54, 38, 83, 12, 29, 95, 44, 73, 14, 5, 53, 34, 71, 62, 30]
1 of 18
Trial 150: [86, 44, 52, 48, 98, 84, 55, 30, 84, 50, 45, 30, 84, 54, 30, 2, 53, 88]
1 of 18
Trial 151: [18, 71, 98, 16, 14, 7, 44, 8, 48, 56, 32, 26, 16, 83, 77, 6, 29, 88]
3 of 18
Trial 152: [14, 60, 41, 34, 62, 71, 78, 88, 48, 10, 84, 70, 30, 43, 23, 55, 50, 39]
1 of 18
Trial 153: [62, 73, 2, 29, 75, 33, 85, 19, 26, 55, 36, 7, 93, 59, 91, 68, 7, 40]
3 of 18
Trial 154: [9, 52, 85, 2, 48, 30, 43, 76, 6, 74, 10, 40, 4, 62, 80, 41, 34, 96]
5 of 18
Trial 155: [83, 5, 25, 81, 79, 44, 19, 74, 37, 44, 9, 61, 47, 76, 10, 21, 81, 20]
3 of 18
Trial 156: [73, 76, 25, 37, 42, 84, 8, 1, 39, 87, 48, 44, 53, 40, 4, 34, 83, 52]
3 of 18
Trial 157: [59, 72, 99, 90, 61, 14, 3, 93, 22, 89, 6, 8, 83, 56, 80, 62, 28, 38]
3 of 18
Trial 158: [23, 60, 31, 62, 82, 28, 63, 73, 93, 58, 3, 97, 8, 54, 87, 55, 39, 51]
2 of 18
Trial 159: [23, 61, 45, 28, 54, 91, 64, 1, 68, 37, 55, 47, 38, 61, 6, 59, 91, 85]
2 of 18
Trial 160: [38, 80, 69, 81, 89, 39, 65, 80, 12, 97, 60, 17, 41, 73, 64, 22, 40, 40]
0 of 18
Trial 161: [85, 34, 95, 70, 81, 45, 53, 43, 34, 60, 28, 47, 57, 39, 38, 37, 9, 29]
1 of 18
Trial 162: [77, 72, 99, 51, 54, 67, 52, 69, 60, 71, 63, 4, 92, 75, 96, 29, 57, 79]
1 of 18
Trial 163: [82, 5, 75, 70, 51, 35, 52, 76, 26, 45, 92, 81, 0, 91, 1, 23, 93, 33]
3 of 18
Trial 164: [17, 55, 25, 92, 81, 42, 2, 5, 48, 55, 15, 52, 10, 52, 15, 45, 49, 93]
3 of 18
Trial 165: [89, 27, 66, 58, 11, 31, 75, 27, 63, 83, 65, 9, 45, 42, 20, 3, 9, 9]
5 of 18
Trial 166: [48, 69, 35, 42, 89, 30, 18, 93, 18, 96, 45, 11, 43, 97, 20, 72, 45, 33]
1 of 18
Trial 167: [50, 7, 25, 80, 0, 63, 21, 95, 89, 97, 71, 12, 82, 87, 98, 56, 20, 56]
2 of 18
Trial 168: [82, 41, 59, 87, 61, 62, 85, 55, 7, 56, 53, 28, 88, 96, 21, 86, 77, 81]
1 of 18
Trial 169: [94, 53, 81, 19, 85, 46, 77, 69, 22, 59, 66, 49, 80, 60, 94, 51, 90, 88]
0 of 18
Trial 170: [55, 25, 2, 41, 82, 54, 22, 29, 14, 41, 17, 0, 87, 63, 55, 76, 19, 73]
2 of 18
Trial 171: [42, 67, 34, 67, 87, 20, 52, 71, 23, 39, 64, 74, 41, 58, 58, 81, 66, 59]
0 of 18
Trial 172: [24, 9, 31, 27, 18, 85, 18, 27, 14, 80, 88, 74, 41, 60, 72, 23, 93, 10]
2 of 18
Trial 173: [36, 14, 62, 10, 70, 58, 13, 14, 75, 1, 74, 92, 19, 51, 71, 46, 37, 22]
2 of 18
Trial 174: [51, 51, 74, 73, 30, 67, 29, 71, 0, 46, 10, 94, 69, 60, 33, 32, 62, 8]
3 of 18
Trial 175: [45, 59, 56, 28, 42, 94, 21, 98, 2, 0, 68, 67, 49, 14, 51, 88, 18, 62]
2 of 18
Trial 176: [6, 69, 7, 17, 80, 65, 17, 41, 54, 91, 15, 64, 26, 28, 1, 53, 74, 40]
3 of 18
Trial 177: [20, 29, 50, 65, 93, 62, 50, 35, 41, 58, 56, 11, 28, 25, 10, 76, 41, 77]
2 of 18
Trial 178: [39, 6, 11, 72, 16, 21, 98, 94, 26, 44, 5, 62, 42, 84, 55, 28, 42, 65]
3 of 18
Trial 179: [7, 76, 41, 61, 81, 12, 11, 17, 57, 71, 28, 39, 40, 41, 52, 43, 64, 85]
2 of 18
Trial 180: [90, 37, 51, 95, 57, 17, 91, 79, 49, 51, 72, 34, 71, 49, 31, 41, 79, 60]
0 of 18
Trial 181: [8, 53, 39, 92, 43, 34, 78, 58, 30, 18, 20, 28, 43, 13, 91, 13, 1, 48]
2 of 18
Trial 182: [6, 24, 81, 26, 72, 85, 53, 41, 4, 8, 1, 78, 21, 50, 6, 15, 97, 26]
5 of 18
Trial 183: [81, 22, 13, 43, 70, 27, 34, 34, 72, 49, 40, 14, 72, 32, 98, 47, 53, 63]
0 of 18
Trial 184: [91, 39, 80, 70, 79, 75, 67, 12, 64, 18, 73, 8, 82, 74, 80, 38, 84, 31]
1 of 18
Trial 185: [86, 77, 15, 56, 46, 78, 52, 64, 70, 11, 38, 13, 0, 38, 27, 31, 53, 8]
3 of 18
Trial 186: [62, 72, 41, 28, 26, 83, 7, 55, 19, 67, 67, 39, 29, 24, 79, 98, 66, 41]
1 of 18
Trial 187: [26, 25, 37, 82, 61, 89, 78, 11, 79, 13, 63, 35, 56, 59, 8, 17, 19, 15]
2 of 18
Trial 188: [42, 27, 9, 59, 81, 85, 40, 80, 35, 40, 88, 96, 11, 97, 31, 64, 94, 44]
2 of 18
Trial 189: [11, 6, 36, 71, 67, 60, 11, 49, 62, 18, 59, 97, 5, 28, 6, 36, 21, 76]
5 of 18
Trial 190: [55, 59, 86, 89, 70, 40, 64, 56, 97, 72, 20, 2, 85, 66, 38, 92, 75, 21]
1 of 18
Trial 191: [76, 95, 44, 66, 93, 35, 27, 12, 83, 93, 71, 3, 37, 73, 54, 98, 35, 35]
1 of 18
Trial 192: [91, 0, 80, 75, 7, 64, 22, 36, 91, 52, 17, 71, 14, 39, 14, 18, 82, 2]
3 of 18
Trial 193: [65, 4, 64, 15, 97, 98, 82, 97, 10, 32, 78, 78, 91, 43, 34, 91, 96, 38]
2 of 18
Trial 194: [45, 29, 91, 2, 82, 45, 94, 28, 42, 10, 31, 21, 43, 3, 39, 38, 68, 38]
3 of 18
Trial 195: [85, 38, 39, 90, 52, 65, 28, 57, 41, 70, 46, 5, 62, 23, 4, 99, 16, 57]
2 of 18
Trial 196: [51, 68, 88, 78, 39, 70, 51, 39, 17, 67, 1, 92, 24, 72, 13, 90, 48, 64]
1 of 18
Trial 197: [21, 45, 32, 73, 18, 37, 95, 94, 65, 26, 42, 21, 2, 14, 9, 16, 37, 77]
2 of 18
Trial 198: [75, 6, 31, 1, 51, 60, 17, 60, 66, 26, 71, 59, 53, 60, 90, 31, 73, 0]
3 of 18
Trial 199: [77, 1, 59, 14, 61, 33, 59, 38, 12, 76, 42, 1, 60, 6, 5, 40, 4, 28]
5 of 18
Trial 200: [88, 74, 63, 57, 8, 29, 82, 46, 93, 73, 17, 40, 39, 83, 78, 80, 89, 84]
1 of 18
Trial 201: [42, 91, 42, 15, 97, 79, 3, 7, 74, 19, 69, 80, 55, 53, 98, 55, 34, 19]
2 of 18
Trial 202: [76, 95, 91, 29, 26, 54, 13, 23, 95, 80, 65, 31, 82, 4, 58, 94, 27, 32]
1 of 18
Trial 203: [80, 18, 95, 11, 97, 47, 63, 24, 68, 99, 9, 78, 33, 66, 51, 16, 96, 70]
2 of 18
Trial 204: [85, 69, 18, 15, 9, 89, 11, 55, 92, 83, 5, 7, 48, 42, 18, 5, 4, 18]
6 of 18
Trial 205: [20, 10, 38, 24, 16, 66, 55, 12, 19, 62, 36, 11, 17, 9, 84, 98, 73, 13]
3 of 18
Trial 206: [83, 30, 12, 43, 56, 20, 89, 46, 6, 99, 85, 80, 39, 20, 35, 83, 30, 62]
1 of 18
Trial 207: [79, 92, 47, 43, 44, 68, 14, 60, 61, 1, 34, 60, 76, 4, 56, 62, 74, 16]
2 of 18
Trial 208: [17, 26, 19, 12, 85, 42, 36, 11, 92, 82, 10, 82, 19, 34, 19, 67, 25, 59]
2 of 18
Trial 209: [17, 66, 33, 3, 54, 63, 20, 94, 68, 95, 79, 76, 39, 53, 88, 6, 23, 8]
3 of 18
Trial 210: [32, 71, 15, 51, 47, 51, 63, 10, 16, 42, 84, 79, 47, 27, 9, 30, 16, 79]
2 of 18
Trial 211: [48, 80, 18, 96, 46, 45, 13, 97, 7, 83, 66, 75, 52, 90, 45, 98, 68, 35]
1 of 18
Trial 212: [95, 71, 59, 79, 64, 46, 8, 69, 41, 55, 88, 45, 52, 25, 26, 66, 77, 30]
1 of 18
Trial 213: [60, 10, 98, 20, 40, 94, 60, 31, 36, 68, 64, 38, 14, 24, 60, 72, 89, 74]
1 of 18
Trial 214: [29, 17, 16, 45, 35, 27, 93, 29, 97, 11, 88, 66, 63, 69, 87, 44, 58, 37]
1 of 18
Trial 215: [91, 53, 44, 59, 89, 10, 70, 99, 7, 69, 73, 84, 91, 77, 51, 25, 22, 28]
2 of 18
Trial 216: [27, 54, 7, 20, 17, 44, 27, 64, 85, 1, 36, 25, 89, 58, 79, 23, 68, 81]
2 of 18
Trial 217: [84, 0, 33, 51, 77, 89, 29, 15, 70, 35, 12, 88, 63, 7, 61, 58, 30, 2]
3 of 18
Trial 218: [72, 29, 49, 89, 25, 93, 2, 52, 8, 87, 17, 10, 95, 48, 61, 82, 22, 57]
3 of 18
Trial 219: [31, 55, 16, 62, 41, 38, 76, 82, 15, 80, 88, 75, 82, 65, 67, 10, 50, 18]
1 of 18
Trial 220: [56, 21, 53, 44, 73, 72, 65, 55, 44, 76, 44, 21, 85, 91, 9, 67, 51, 88]
1 of 18
Trial 221: [62, 51, 59, 79, 6, 27, 85, 25, 79, 59, 23, 53, 41, 41, 56, 7, 89, 39]
2 of 18
Trial 222: [33, 97, 50, 58, 35, 99, 96, 59, 51, 68, 27, 24, 44, 51, 69, 34, 61, 68]
0 of 18
Trial 223: [45, 48, 35, 65, 43, 33, 73, 47, 29, 86, 53, 89, 85, 31, 29, 96, 84, 93]
0 of 18
Trial 224: [9, 39, 10, 23, 58, 58, 3, 19, 13, 83, 61, 89, 6, 15, 99, 24, 48, 81]
4 of 18
Trial 225: [35, 49, 51, 0, 45, 72, 23, 10, 86, 81, 72, 59, 54, 30, 11, 32, 56, 54]
3 of 18
Trial 226: [35, 65, 81, 9, 77, 62, 81, 47, 97, 18, 49, 31, 50, 89, 68, 65, 70, 27]
1 of 18
Trial 227: [75, 21, 16, 80, 25, 72, 34, 28, 61, 24, 86, 75, 76, 88, 12, 99, 24, 25]
0 of 18
Trial 228: [89, 27, 9, 46, 9, 66, 9, 94, 77, 74, 56, 10, 19, 11, 98, 53, 39, 31]
5 of 18
Trial 229: [96, 74, 86, 66, 24, 21, 28, 18, 78, 64, 29, 79, 61, 24, 89, 70, 69, 93]
0 of 18
Trial 230: [70, 19, 76, 40, 41, 19, 46, 22, 87, 25, 55, 18, 29, 20, 56, 17, 25, 44]
0 of 18
Trial 231: [73, 75, 89, 62, 56, 37, 79, 19, 8, 70, 69, 5, 5, 55, 51, 72, 65, 12]
3 of 18
Trial 232: [4, 82, 26, 4, 35, 0, 84, 55, 23, 85, 60, 12, 60, 92, 38, 74, 24, 6]
4 of 18
Trial 233: [88, 28, 15, 39, 10, 93, 18, 83, 73, 45, 61, 75, 44, 77, 87, 34, 6, 74]
2 of 18
Trial 234: [22, 18, 80, 85, 40, 74, 34, 34, 14, 73, 89, 91, 2, 37, 25, 25, 88, 28]
1 of 18
Trial 235: [82, 49, 32, 23, 17, 30, 57, 82, 32, 76, 68, 35, 78, 51, 51, 41, 51, 92]
0 of 18
Trial 236: [93, 6, 72, 58, 17, 45, 76, 29, 33, 3, 67, 67, 36, 14, 96, 99, 45, 93]
2 of 18
Trial 237: [42, 81, 42, 60, 96, 42, 61, 89, 17, 61, 47, 9, 18, 19, 77, 50, 50, 47]
1 of 18
Trial 238: [71, 19, 4, 35, 31, 16, 2, 36, 85, 4, 91, 90, 98, 93, 77, 31, 46, 10]
4 of 18
Trial 239: [55, 76, 29, 16, 36, 95, 74, 0, 34, 99, 51, 5, 32, 97, 71, 25, 70, 76]
2 of 18
Trial 240: [86, 41, 36, 31, 80, 24, 8, 22, 34, 20, 80, 18, 47, 68, 60, 44, 30, 53]
1 of 18
Trial 241: [28, 79, 62, 62, 49, 31, 88, 18, 56, 64, 56, 1, 91, 63, 0, 63, 68, 74]
2 of 18
Trial 242: [85, 83, 23, 39, 90, 52, 4, 88, 54, 82, 62, 79, 75, 22, 98, 1, 7, 59]
3 of 18
Trial 243: [3, 56, 82, 84, 20, 8, 54, 80, 28, 24, 21, 14, 77, 24, 71, 61, 59, 31]
2 of 18
Trial 244: [39, 68, 24, 31, 41, 53, 54, 95, 99, 3, 8, 20, 53, 23, 58, 89, 27, 38]
2 of 18
Trial 245: [69, 62, 13, 48, 72, 35, 55, 34, 19, 80, 62, 50, 83, 40, 20, 57, 72, 64]
0 of 18
Trial 246: [61, 6, 63, 34, 29, 82, 18, 14, 52, 78, 32, 21, 9, 75, 29, 64, 93, 90]
2 of 18
Trial 247: [4, 64, 24, 96, 16, 40, 11, 48, 99, 12, 56, 32, 12, 3, 90, 14, 13, 90]
3 of 18
Trial 248: [37, 45, 33, 56, 99, 57, 54, 49, 21, 55, 94, 28, 40, 31, 31, 61, 57, 36]
0 of 18
Trial 249: [6, 40, 41, 41, 71, 13, 40, 4, 7, 58, 87, 46, 96, 31, 9, 44, 28, 75]
4 of 18
Trial 250: [69, 65, 14, 54, 61, 32, 98, 98, 85, 49, 97, 26, 30, 78, 4, 84, 23, 16]
1 of 18
Trial 251: [83, 2, 76, 83, 5, 33, 0, 73, 79, 19, 87, 99, 65, 54, 88, 19, 17, 52]
3 of 18
Trial 252: [69, 10, 97, 12, 25, 24, 98, 34, 67, 21, 36, 35, 86, 11, 41, 87, 2, 17]
3 of 18
Trial 253: [91, 41, 74, 19, 43, 78, 9, 31, 60, 0, 92, 83, 33, 64, 68, 3, 20, 53]
3 of 18
Trial 254: [12, 91, 87, 63, 14, 72, 21, 65, 82, 62, 76, 50, 82, 81, 54, 51, 98, 36]
0 of 18
Trial 255: [15, 0, 98, 1, 15, 27, 59, 24, 4, 14, 73, 52, 85, 54, 73, 25, 80, 93]
3 of 18
Trial 256: [20, 57, 49, 32, 62, 99, 85, 1, 44, 61, 75, 86, 88, 70, 49, 59, 25, 24]
1 of 18
Trial 257: [78, 11, 23, 65, 72, 72, 87, 10, 88, 68, 12, 78, 63, 30, 15, 58, 21, 92]
2 of 18
Trial 258: [40, 75, 14, 64, 67, 5, 77, 48, 52, 92, 94, 47, 8, 63, 94, 39, 48, 83]
2 of 18
Trial 259: [58, 91, 57, 7, 19, 74, 88, 7, 88, 61, 59, 5, 9, 97, 92, 16, 27, 82]
4 of 18
Trial 260: [93, 24, 82, 13, 21, 12, 65, 69, 41, 36, 80, 64, 27, 34, 83, 46, 6, 74]
1 of 18
Trial 261: [35, 46, 27, 87, 55, 19, 84, 8, 87, 51, 19, 57, 91, 56, 30, 62, 90, 72]
1 of 18
Trial 262: [4, 38, 2, 56, 87, 89, 96, 47, 70, 80, 89, 33, 93, 72, 47, 51, 95, 21]
2 of 18
Trial 263: [19, 75, 96, 4, 88, 77, 59, 64, 67, 31, 93, 40, 38, 53, 47, 11, 60, 20]
2 of 18
Trial 264: [74, 39, 38, 11, 50, 14, 34, 46, 22, 84, 70, 86, 51, 83, 1, 22, 1, 73]
3 of 18
Trial 265: [35, 4, 32, 68, 99, 51, 53, 8, 84, 80, 60, 34, 52, 11, 42, 27, 77, 67]
3 of 18
Trial 266: [17, 65, 11, 46, 39, 7, 18, 94, 10, 4, 84, 43, 44, 82, 54, 14, 45, 99]
4 of 18
Trial 267: [20, 96, 60, 75, 98, 5, 66, 42, 53, 67, 11, 45, 28, 41, 98, 16, 35, 16]
2 of 18
Trial 268: [85, 96, 25, 96, 20, 66, 32, 67, 39, 83, 31, 17, 77, 76, 2, 94, 50, 43]
1 of 18
Trial 269: [31, 42, 7, 62, 44, 80, 85, 89, 27, 88, 22, 74, 12, 1, 6, 31, 16, 10]
4 of 18
Trial 270: [36, 85, 55, 34, 1, 23, 81, 90, 18, 90, 21, 24, 68, 6, 31, 69, 74, 57]
2 of 18
Trial 271: [86, 61, 48, 64, 80, 99, 43, 90, 47, 47, 32, 19, 71, 5, 76, 36, 72, 32]
1 of 18
Trial 272: [87, 56, 45, 16, 67, 97, 67, 62, 3, 79, 64, 28, 32, 8, 29, 7, 68, 42]
3 of 18
Trial 273: [9, 26, 28, 55, 96, 25, 23, 18, 24, 23, 18, 6, 77, 21, 42, 92, 27, 25]
2 of 18
Trial 274: [76, 62, 3, 79, 70, 62, 48, 0, 0, 94, 16, 28, 90, 93, 22, 65, 38, 69]
3 of 18
Trial 275: [18, 87, 48, 51, 60, 76, 21, 77, 84, 26, 72, 62, 43, 51, 12, 0, 36, 7]
2 of 18
Trial 276: [69, 10, 28, 53, 93, 29, 78, 46, 53, 48, 76, 96, 97, 99, 70, 57, 86, 52]
1 of 18
Trial 277: [99, 96, 62, 20, 58, 53, 79, 62, 67, 44, 48, 18, 79, 85, 13, 71, 23, 61]
0 of 18
Trial 278: [54, 94, 53, 90, 55, 71, 67, 24, 70, 75, 12, 3, 35, 86, 28, 56, 89, 43]
1 of 18
Trial 279: [48, 47, 63, 41, 37, 72, 99, 74, 96, 85, 92, 53, 40, 24, 78, 54, 18, 89]
0 of 18
Trial 280: [2, 52, 82, 0, 14, 86, 17, 58, 70, 87, 94, 88, 41, 47, 67, 86, 35, 75]
2 of 18
Trial 281: [9, 29, 11, 75, 92, 16, 57, 71, 31, 8, 53, 13, 6, 88, 15, 4, 83, 10]
6 of 18
Trial 282: [39, 21, 21, 77, 94, 18, 12, 45, 24, 66, 48, 42, 96, 73, 66, 20, 7, 99]
1 of 18
Trial 283: [10, 32, 55, 87, 91, 42, 18, 73, 70, 73, 12, 32, 51, 14, 35, 9, 75, 41]
2 of 18
Trial 284: [36, 94, 0, 90, 49, 40, 29, 81, 27, 26, 57, 10, 66, 9, 45, 59, 99, 16]
3 of 18
Trial 285: [52, 80, 85, 30, 25, 58, 19, 81, 86, 72, 75, 55, 80, 97, 20, 36, 61, 50]
0 of 18
Trial 286: [63, 26, 56, 23, 29, 39, 38, 58, 8, 68, 38, 57, 16, 79, 45, 97, 81, 7]
2 of 18
Trial 287: [76, 46, 55, 45, 8, 29, 72, 87, 55, 3, 71, 9, 12, 40, 19, 62, 73, 60]
3 of 18
Trial 288: [44, 97, 37, 75, 33, 77, 7, 93, 35, 26, 94, 52, 44, 45, 14, 15, 0, 92]
2 of 18
Trial 289: [85, 79, 48, 87, 78, 50, 99, 55, 57, 74, 12, 29, 28, 42, 40, 42, 75, 96]
0 of 18
Trial 290: [7, 97, 75, 84, 55, 58, 91, 81, 56, 1, 56, 63, 81, 22, 24, 17, 78, 98]
2 of 18
Trial 291: [44, 33, 21, 80, 34, 39, 74, 2, 35, 45, 17, 36, 79, 6, 97, 30, 91, 25]
2 of 18
Trial 292: [90, 97, 81, 19, 8, 92, 0, 84, 84, 91, 18, 57, 58, 31, 14, 48, 73, 73]
2 of 18
Trial 293: [65, 30, 70, 38, 84, 67, 38, 60, 48, 11, 31, 88, 80, 31, 99, 16, 17, 37]
1 of 18
Trial 294: [82, 10, 20, 3, 60, 98, 43, 81, 18, 8, 2, 77, 12, 6, 37, 94, 77, 75]
5 of 18
Trial 295: [74, 23, 20, 52, 95, 52, 7, 21, 73, 58, 70, 47, 10, 61, 82, 9, 8, 58]
4 of 18
Trial 296: [0, 69, 21, 43, 1, 15, 61, 78, 9, 1, 35, 7, 89, 50, 27, 34, 43, 63]
5 of 18
Trial 297: [35, 95, 51, 14, 60, 40, 23, 11, 75, 23, 9, 49, 48, 68, 26, 72, 25, 19]
2 of 18
Trial 298: [10, 89, 9, 30, 14, 94, 84, 57, 72, 95, 66, 91, 36, 73, 3, 5, 27, 20]
4 of 18
Trial 299: [25, 34, 25, 60, 5, 35, 27, 28, 38, 82, 72, 87, 14, 22, 55, 67, 37, 42]
1 of 18
Trial 300: [51, 96, 21, 9, 15, 39, 27, 69, 11, 10, 41, 9, 65, 61, 89, 84, 5, 31]
5 of 18
Trial 301: [17, 77, 64, 79, 81, 30, 59, 93, 24, 46, 67, 35, 70, 62, 92, 93, 42, 67]
0 of 18
Trial 302: [22, 70, 26, 29, 21, 90, 98, 76, 44, 62, 76, 91, 45, 17, 93, 80, 7, 71]
1 of 18
Trial 303: [43, 57, 82, 19, 43, 37, 7, 84, 1, 38, 22, 51, 83, 11, 50, 62, 78, 28]
3 of 18
Trial 304: [80, 87, 73, 18, 77, 66, 37, 36, 34, 33, 51, 87, 97, 95, 91, 56, 41, 90]
0 of 18
Trial 305: [23, 12, 98, 25, 11, 26, 94, 28, 93, 23, 78, 69, 33, 34, 99, 8, 16, 71]
2 of 18
Trial 306: [76, 59, 48, 99, 63, 39, 61, 31, 49, 35, 10, 7, 48, 58, 31, 79, 59, 82]
2 of 18
Trial 307: [60, 51, 21, 2, 30, 29, 20, 63, 43, 64, 54, 59, 1, 73, 38, 23, 60, 88]
2 of 18
Trial 308: [52, 82, 21, 53, 13, 89, 8, 19, 0, 10, 72, 49, 15, 8, 87, 78, 60, 20]
4 of 18
Trial 309: [10, 43, 27, 79, 36, 90, 2, 96, 72, 49, 40, 69, 26, 56, 85, 40, 17, 17]
2 of 18
Trial 310: [10, 11, 1, 68, 88, 68, 5, 65, 9, 39, 65, 40, 30, 1, 84, 19, 73, 87]
6 of 18
Trial 311: [83, 10, 85, 54, 83, 13, 83, 88, 83, 68, 34, 17, 66, 32, 86, 10, 4, 27]
3 of 18
Trial 312: [50, 97, 25, 82, 4, 88, 34, 12, 62, 57, 79, 74, 72, 21, 19, 89, 55, 81]
1 of 18
Trial 313: [46, 56, 64, 18, 51, 94, 27, 76, 13, 36, 79, 99, 57, 96, 75, 59, 64, 5]
1 of 18
Trial 314: [36, 44, 5, 90, 44, 81, 5, 2, 83, 68, 96, 71, 50, 10, 28, 34, 63, 72]
4 of 18
Trial 315: [33, 92, 7, 10, 28, 62, 49, 40, 92, 19, 95, 42, 85, 32, 95, 15, 13, 27]
2 of 18
Trial 316: [67, 70, 19, 35, 66, 34, 72, 86, 64, 51, 17, 72, 95, 86, 21, 77, 24, 41]
0 of 18
Trial 317: [83, 40, 22, 14, 41, 71, 71, 59, 62, 16, 99, 26, 21, 69, 81, 40, 55, 31]
0 of 18
Trial 318: [57, 52, 84, 73, 73, 16, 99, 40, 5, 24, 47, 51, 22, 88, 81, 72, 37, 0]
2 of 18
Trial 319: [80, 78, 93, 45, 90, 51, 31, 32, 53, 76, 85, 39, 34, 88, 52, 6, 27, 10]
2 of 18
Trial 320: [68, 84, 80, 75, 10, 89, 88, 58, 84, 98, 89, 41, 71, 7, 29, 21, 47, 39]
2 of 18
Trial 321: [92, 49, 83, 23, 14, 79, 59, 42, 87, 69, 39, 5, 39, 90, 96, 55, 51, 78]
1 of 18
Trial 322: [24, 70, 73, 33, 23, 57, 83, 6, 1, 30, 39, 53, 58, 58, 34, 11, 24, 83]
3 of 18
Trial 323: [80, 6, 60, 34, 63, 57, 26, 71, 23, 39, 8, 37, 34, 87, 4, 25, 28, 41]
3 of 18
Trial 324: [96, 70, 21, 20, 40, 44, 2, 85, 65, 62, 39, 43, 22, 67, 99, 88, 92, 95]
1 of 18
Trial 325: [75, 27, 15, 82, 20, 3, 2, 46, 40, 96, 31, 12, 48, 98, 46, 91, 67, 39]
2 of 18
Trial 326: [88, 6, 17, 61, 32, 16, 93, 7, 97, 61, 49, 18, 79, 84, 90, 62, 99, 37]
2 of 18
Trial 327: [76, 97, 79, 36, 39, 8, 54, 89, 72, 12, 2, 99, 62, 94, 69, 81, 6, 66]
3 of 18
Trial 328: [98, 44, 15, 64, 41, 30, 68, 11, 38, 0, 74, 60, 41, 59, 41, 27, 29, 96]
2 of 18
Trial 329: [56, 65, 36, 5, 67, 32, 83, 59, 66, 96, 18, 21, 73, 96, 63, 96, 0, 10]
3 of 18
Trial 330: [37, 8, 59, 59, 90, 23, 35, 75, 60, 43, 28, 25, 64, 88, 4, 10, 39, 75]
3 of 18
Trial 331: [59, 86, 79, 34, 18, 4, 65, 87, 21, 62, 68, 57, 58, 56, 70, 38, 69, 99]
1 of 18
Trial 332: [1, 79, 88, 95, 51, 79, 90, 27, 52, 97, 80, 49, 81, 63, 94, 46, 95, 38]
1 of 18
Trial 333: [3, 67, 76, 2, 56, 97, 96, 61, 87, 3, 86, 42, 55, 92, 73, 98, 68, 20]
3 of 18
Trial 334: [49, 96, 56, 79, 98, 39, 6, 88, 16, 72, 20, 27, 49, 92, 17, 89, 10, 69]
2 of 18
Trial 335: [26, 88, 41, 57, 55, 11, 91, 24, 92, 6, 19, 90, 61, 53, 3, 81, 81, 4]
4 of 18
Trial 336: [34, 24, 26, 85, 8, 35, 38, 99, 34, 38, 91, 94, 57, 69, 46, 53, 23, 4]
2 of 18
Trial 337: [13, 27, 81, 43, 3, 68, 6, 5, 85, 85, 84, 35, 56, 22, 89, 26, 41, 70]
3 of 18
Trial 338: [92, 53, 63, 24, 72, 59, 6, 79, 4, 82, 73, 24, 42, 67, 30, 11, 46, 1]
4 of 18
Trial 339: [89, 32, 5, 99, 14, 92, 12, 58, 89, 74, 98, 63, 38, 85, 56, 44, 42, 21]
1 of 18
Trial 340: [36, 24, 11, 52, 19, 69, 15, 10, 98, 1, 22, 1, 51, 28, 37, 67, 93, 57]
4 of 18
Trial 341: [18, 10, 20, 73, 65, 91, 18, 40, 73, 43, 4, 96, 98, 40, 43, 55, 0, 54]
3 of 18
Trial 342: [92, 53, 69, 26, 17, 76, 9, 6, 37, 54, 50, 96, 1, 2, 82, 89, 36, 51]
4 of 18
Trial 343: [50, 19, 99, 60, 71, 12, 85, 46, 37, 56, 68, 29, 88, 50, 8, 38, 52, 29]
1 of 18
Trial 344: [9, 81, 85, 59, 60, 98, 82, 68, 86, 36, 5, 97, 70, 3, 80, 96, 76, 76]
3 of 18
Trial 345: [21, 92, 33, 17, 66, 68, 35, 65, 92, 99, 14, 19, 56, 43, 8, 46, 22, 30]
1 of 18
Trial 346: [72, 60, 53, 69, 54, 97, 13, 34, 19, 61, 8, 61, 89, 3, 45, 4, 57, 50]
3 of 18
Trial 347: [87, 20, 11, 57, 51, 52, 94, 71, 90, 24, 10, 51, 88, 57, 34, 66, 91, 26]
2 of 18
Trial 348: [8, 64, 0, 77, 35, 2, 71, 39, 71, 83, 10, 73, 2, 0, 7, 4, 7, 43]
9 of 18
Trial 349: [78, 60, 69, 83, 98, 85, 15, 95, 41, 19, 86, 95, 91, 21, 5, 12, 47, 17]
1 of 18
Trial 350: [5, 40, 32, 11, 13, 92, 54, 81, 19, 54, 16, 16, 11, 79, 12, 12, 79, 78]
3 of 18
Trial 351: [21, 75, 59, 73, 0, 27, 86, 77, 59, 93, 90, 12, 25, 41, 11, 20, 96, 81]
2 of 18
Trial 352: [81, 61, 24, 98, 83, 60, 93, 64, 76, 33, 13, 55, 67, 26, 25, 69, 74, 65]
0 of 18
Trial 353: [79, 73, 14, 41, 89, 18, 36, 74, 15, 37, 19, 11, 86, 4, 6, 19, 82, 8]
4 of 18
Trial 354: [77, 87, 72, 23, 75, 12, 61, 58, 70, 33, 63, 51, 72, 6, 22, 56, 54, 55]
1 of 18
Trial 355: [27, 36, 68, 35, 92, 97, 20, 41, 14, 18, 65, 74, 36, 63, 13, 71, 7, 90]
1 of 18
Trial 356: [41, 57, 51, 44, 83, 12, 6, 59, 0, 35, 45, 16, 87, 1, 76, 76, 58, 44]
3 of 18
Trial 357: [39, 15, 14, 24, 88, 70, 79, 31, 11, 27, 4, 1, 69, 18, 1, 15, 79, 74]
4 of 18
Trial 358: [73, 78, 35, 73, 75, 92, 98, 7, 62, 58, 41, 94, 36, 23, 0, 22, 80, 54]
2 of 18
Trial 359: [47, 52, 72, 6, 36, 2, 74, 94, 0, 17, 68, 42, 67, 26, 91, 98, 12, 31]
3 of 18
Trial 360: [39, 25, 86, 45, 95, 75, 10, 85, 8, 82, 20, 48, 13, 93, 98, 15, 48, 32]
2 of 18
Trial 361: [97, 87, 14, 72, 60, 98, 26, 61, 28, 36, 27, 67, 47, 56, 26, 19, 14, 5]
1 of 18
Trial 362: [44, 50, 14, 19, 64, 57, 45, 97, 41, 60, 12, 33, 93, 33, 97, 33, 66, 78]
0 of 18
Trial 363: [13, 30, 95, 76, 86, 17, 92, 3, 6, 7, 2, 75, 14, 32, 1, 19, 58, 31]
5 of 18
Trial 364: [98, 25, 98, 0, 13, 94, 64, 90, 63, 91, 62, 78, 36, 53, 99, 95, 13, 9]
2 of 18
Trial 365: [82, 46, 90, 80, 97, 26, 56, 40, 53, 24, 84, 6, 51, 21, 67, 61, 63, 32]
1 of 18
Trial 366: [69, 43, 77, 10, 31, 0, 77, 52, 74, 83, 53, 11, 27, 27, 87, 92, 1, 9]
5 of 18
Trial 367: [95, 50, 11, 9, 71, 93, 47, 2, 10, 88, 73, 26, 89, 43, 68, 59, 37, 58]
4 of 18
Trial 368: [26, 69, 94, 43, 34, 71, 74, 87, 47, 6, 59, 34, 99, 20, 84, 19, 45, 18]
1 of 18
Trial 369: [22, 64, 35, 17, 97, 35, 52, 31, 53, 17, 1, 42, 11, 2, 60, 95, 2, 43]
4 of 18
Trial 370: [92, 39, 51, 74, 4, 4, 67, 70, 0, 61, 83, 79, 17, 11, 31, 3, 27, 15]
5 of 18
Trial 371: [47, 33, 84, 98, 60, 55, 3, 1, 61, 91, 68, 23, 61, 16, 33, 97, 27, 94]
2 of 18
Trial 372: [25, 88, 75, 97, 37, 93, 98, 64, 50, 72, 55, 27, 14, 38, 17, 74, 46, 19]
0 of 18
Trial 373: [31, 64, 26, 98, 28, 98, 10, 23, 97, 31, 56, 15, 90, 77, 5, 99, 22, 69]
2 of 18
Trial 374: [50, 74, 68, 38, 94, 23, 47, 62, 99, 85, 29, 28, 80, 79, 91, 75, 38, 47]
0 of 18
Trial 375: [74, 97, 74, 56, 33, 13, 4, 27, 98, 34, 15, 5, 11, 42, 53, 95, 32, 23]
3 of 18
Trial 376: [10, 79, 31, 67, 52, 43, 17, 75, 78, 62, 60, 61, 88, 55, 12, 47, 84, 79]
1 of 18
Trial 377: [26, 78, 58, 85, 22, 57, 87, 17, 17, 72, 23, 21, 89, 36, 15, 24, 23, 56]
0 of 18
Trial 378: [75, 11, 21, 40, 85, 20, 81, 37, 53, 77, 6, 13, 43, 92, 82, 93, 15, 7]
3 of 18
Trial 379: [93, 64, 57, 28, 57, 73, 26, 34, 10, 25, 43, 91, 75, 4, 36, 37, 5, 78]
3 of 18
Trial 380: [49, 2, 91, 3, 97, 19, 8, 0, 8, 10, 79, 70, 19, 10, 36, 89, 43, 75]
7 of 18
Trial 381: [44, 70, 77, 28, 11, 96, 90, 9, 29, 2, 0, 72, 23, 59, 22, 60, 6, 22]
5 of 18
Trial 382: [24, 89, 7, 59, 51, 23, 74, 34, 94, 85, 67, 59, 60, 38, 77, 89, 58, 33]
1 of 18
Trial 383: [99, 24, 56, 28, 26, 90, 90, 20, 96, 98, 81, 6, 49, 29, 27, 95, 2, 2]
3 of 18
Trial 384: [32, 59, 86, 28, 93, 7, 47, 64, 84, 97, 75, 67, 59, 50, 30, 75, 38, 98]
1 of 18
Trial 385: [47, 53, 40, 20, 96, 34, 38, 63, 21, 52, 15, 57, 83, 17, 20, 11, 79, 98]
1 of 18
Trial 386: [47, 39, 93, 68, 22, 84, 62, 26, 23, 39, 49, 84, 40, 93, 91, 28, 87, 9]
1 of 18
Trial 387: [43, 16, 8, 44, 10, 6, 5, 90, 72, 40, 5, 12, 20, 78, 12, 98, 84, 31]
5 of 18
Trial 388: [50, 59, 99, 47, 78, 91, 19, 68, 99, 34, 63, 3, 14, 83, 84, 42, 34, 72]
1 of 18
Trial 389: [94, 94, 40, 35, 29, 79, 24, 56, 85, 65, 57, 97, 87, 80, 56, 28, 92, 36]
0 of 18
Trial 390: [81, 43, 3, 71, 8, 57, 14, 52, 20, 20, 0, 89, 79, 43, 1, 62, 44, 24]
4 of 18
Trial 391: [59, 2, 88, 86, 98, 0, 20, 20, 44, 78, 82, 68, 23, 67, 89, 69, 57, 40]
2 of 18
Trial 392: [60, 99, 20, 4, 23, 68, 99, 44, 99, 52, 34, 35, 5, 13, 72, 27, 76, 51]
2 of 18
Trial 393: [70, 84, 35, 78, 92, 32, 69, 73, 81, 96, 4, 97, 64, 42, 75, 75, 63, 0]
2 of 18
Trial 394: [57, 67, 28, 66, 24, 83, 2, 9, 82, 47, 77, 32, 32, 59, 35, 20, 41, 75]
2 of 18
Trial 395: [11, 17, 25, 28, 36, 87, 20, 24, 81, 17, 68, 17, 82, 28, 96, 89, 30, 99]
1 of 18
Trial 396: [0, 56, 92, 99, 90, 86, 70, 39, 16, 16, 21, 33, 5, 2, 47, 18, 26, 56]
3 of 18
Trial 397: [87, 21, 91, 52, 31, 27, 54, 55, 50, 76, 36, 96, 41, 34, 11, 62, 57, 72]
1 of 18
Trial 398: [22, 45, 40, 76, 56, 46, 13, 3, 97, 5, 14, 92, 52, 86, 44, 3, 50, 81]
3 of 18
Trial 399: [26, 67, 93, 8, 70, 3, 25, 78, 82, 99, 66, 39, 52, 35, 89, 53, 26, 19]
2 of 18
Trial 400: [50, 66, 68, 84, 9, 37, 39, 29, 44, 11, 39, 78, 75, 78, 61, 25, 39, 52]
2 of 18
Trial 401: [82, 46, 67, 46, 35, 14, 70, 99, 12, 26, 53, 13, 65, 51, 6, 62, 85, 90]
1 of 18
Trial 402: [24, 94, 90, 40, 45, 11, 16, 34, 9, 34, 81, 29, 36, 54, 17, 50, 21, 3]
3 of 18
Trial 403: [44, 49, 27, 17, 64, 28, 67, 10, 35, 2, 57, 14, 26, 65, 24, 45, 61, 34]
2 of 18
Trial 404: [64, 62, 0, 56, 38, 30, 43, 23, 49, 25, 65, 28, 13, 80, 40, 91, 37, 42]
1 of 18
Trial 405: [7, 43, 39, 99, 39, 28, 34, 97, 66, 69, 76, 99, 48, 7, 9, 27, 40, 81]
3 of 18
Trial 406: [17, 32, 61, 12, 12, 90, 35, 77, 97, 56, 63, 61, 7, 16, 18, 19, 12, 53]
1 of 18
Trial 407: [47, 1, 51, 26, 84, 86, 83, 21, 33, 40, 49, 68, 75, 79, 33, 32, 79, 10]
2 of 18
Trial 408: [33, 16, 48, 90, 81, 29, 56, 85, 95, 20, 85, 56, 43, 17, 69, 32, 10, 50]
1 of 18
Trial 409: [68, 94, 9, 59, 59, 36, 91, 54, 8, 77, 24, 87, 82, 45, 53, 34, 57, 78]
2 of 18
Trial 410: [27, 50, 86, 51, 7, 34, 2, 36, 66, 53, 37, 26, 41, 27, 23, 77, 97, 67]
2 of 18
Trial 411: [69, 85, 88, 32, 10, 83, 49, 8, 80, 73, 71, 11, 47, 80, 94, 11, 37, 93]
4 of 18
Trial 412: [31, 17, 34, 71, 20, 66, 7, 45, 97, 80, 5, 11, 84, 55, 80, 59, 71, 15]
3 of 18
Trial 413: [50, 82, 15, 99, 77, 33, 40, 26, 70, 54, 83, 98, 23, 85, 24, 2, 16, 23]
1 of 18
Trial 414: [95, 46, 70, 97, 50, 94, 95, 87, 95, 69, 68, 8, 80, 92, 57, 59, 84, 2]
2 of 18
Trial 415: [74, 30, 6, 90, 6, 79, 96, 0, 84, 74, 60, 23, 47, 51, 82, 7, 81, 53]
4 of 18
Trial 416: [41, 0, 77, 26, 51, 72, 26, 55, 93, 61, 94, 18, 80, 20, 26, 67, 66, 67]
1 of 18
Trial 417: [75, 5, 27, 20, 25, 52, 9, 80, 26, 53, 57, 41, 11, 24, 28, 7, 84, 17]
4 of 18
Trial 418: [81, 70, 20, 50, 87, 93, 52, 44, 17, 95, 20, 84, 52, 28, 85, 7, 63, 52]
1 of 18
Trial 419: [96, 18, 25, 3, 14, 40, 65, 81, 24, 43, 78, 80, 85, 16, 73, 35, 71, 83]
1 of 18
Trial 420: [87, 95, 50, 49, 65, 54, 93, 91, 24, 43, 71, 70, 78, 86, 79, 40, 38, 32]
0 of 18
Trial 421: [74, 5, 2, 80, 70, 47, 97, 18, 29, 22, 71, 21, 20, 91, 48, 85, 32, 99]
2 of 18
Trial 422: [96, 23, 11, 80, 85, 41, 3, 32, 44, 22, 47, 69, 65, 81, 74, 38, 18, 68]
2 of 18
Trial 423: [90, 70, 78, 6, 81, 45, 76, 18, 83, 74, 71, 24, 81, 98, 5, 32, 87, 65]
2 of 18
Trial 424: [9, 93, 58, 99, 19, 62, 11, 1, 19, 61, 81, 74, 0, 64, 69, 79, 53, 62]
4 of 18
Trial 425: [7, 30, 47, 83, 36, 28, 18, 33, 12, 5, 66, 21, 1, 88, 68, 5, 88, 80]
4 of 18
Trial 426: [18, 89, 69, 87, 96, 77, 8, 30, 83, 71, 95, 24, 42, 16, 55, 29, 21, 69]
1 of 18
Trial 427: [10, 16, 84, 52, 19, 91, 27, 72, 2, 67, 20, 51, 47, 71, 57, 39, 91, 37]
2 of 18
Trial 428: [31, 2, 97, 18, 81, 56, 79, 99, 92, 4, 89, 21, 59, 68, 14, 60, 82, 62]
2 of 18
Trial 429: [25, 84, 18, 49, 60, 69, 62, 72, 54, 37, 95, 4, 28, 25, 85, 4, 86, 79]
2 of 18
Trial 430: [55, 91, 61, 84, 89, 0, 88, 64, 16, 6, 94, 32, 10, 5, 97, 1, 24, 19]
5 of 18
Trial 431: [85, 36, 50, 79, 42, 69, 2, 1, 15, 11, 21, 40, 12, 44, 3, 53, 94, 63]
4 of 18
Trial 432: [93, 99, 12, 0, 85, 86, 90, 94, 10, 8, 39, 31, 59, 91, 34, 51, 97, 36]
3 of 18
Trial 433: [36, 62, 39, 69, 91, 77, 34, 64, 20, 23, 34, 33, 11, 28, 41, 61, 98, 24]
1 of 18
Trial 434: [68, 96, 12, 52, 12, 74, 94, 79, 65, 59, 93, 89, 64, 87, 73, 12, 34, 17]
0 of 18
Trial 435: [68, 31, 32, 94, 18, 36, 47, 73, 40, 77, 45, 69, 97, 18, 90, 67, 42, 46]
0 of 18
Trial 436: [24, 23, 51, 67, 96, 31, 58, 60, 12, 99, 2, 15, 24, 39, 9, 3, 34, 5]
4 of 18
Trial 437: [1, 89, 92, 25, 28, 10, 61, 59, 78, 90, 84, 24, 15, 16, 33, 9, 17, 36]
3 of 18
Trial 438: [69, 10, 81, 99, 66, 57, 30, 45, 99, 38, 67, 76, 55, 43, 62, 99, 27, 6]
2 of 18
Trial 439: [53, 44, 76, 2, 62, 73, 1, 45, 68, 12, 23, 30, 14, 71, 31, 75, 94, 29]
2 of 18
Trial 440: [55, 23, 19, 83, 64, 14, 84, 51, 42, 95, 29, 6, 92, 83, 92, 72, 34, 71]
1 of 18
Trial 441: [93, 81, 43, 98, 39, 95, 96, 92, 98, 20, 12, 84, 70, 75, 11, 62, 88, 71]
1 of 18
Trial 442: [13, 38, 11, 94, 77, 93, 31, 58, 4, 13, 30, 77, 7, 97, 99, 23, 18, 56]
3 of 18
Trial 443: [30, 32, 33, 45, 85, 26, 74, 96, 53, 22, 69, 16, 90, 8, 78, 95, 65, 12]
1 of 18
Trial 444: [38, 80, 22, 20, 37, 79, 0, 40, 71, 65, 84, 32, 65, 42, 8, 94, 96, 27]
2 of 18
Trial 445: [21, 93, 28, 55, 66, 11, 97, 54, 55, 52, 66, 83, 92, 75, 51, 67, 38, 39]
1 of 18
Trial 446: [79, 7, 19, 92, 56, 96, 14, 6, 13, 72, 86, 47, 7, 40, 52, 43, 97, 96]
3 of 18
Trial 447: [82, 9, 35, 56, 65, 86, 27, 65, 39, 52, 53, 65, 17, 45, 73, 53, 16, 61]
1 of 18
Trial 448: [10, 60, 40, 61, 14, 96, 94, 99, 83, 31, 95, 14, 29, 26, 37, 81, 55, 41]
1 of 18
Trial 449: [18, 22, 73, 33, 93, 61, 71, 68, 0, 66, 73, 34, 77, 11, 75, 42, 92, 55]
2 of 18
Trial 450: [11, 1, 25, 51, 41, 56, 38, 92, 15, 42, 5, 69, 88, 35, 19, 93, 43, 11]
4 of 18
Trial 451: [31, 29, 62, 43, 8, 70, 49, 95, 36, 60, 78, 52, 72, 42, 86, 39, 95, 86]
1 of 18
Trial 452: [71, 92, 35, 34, 78, 33, 98, 92, 41, 10, 58, 35, 31, 23, 56, 14, 77, 3]
2 of 18
Trial 453: [94, 89, 60, 69, 11, 14, 88, 72, 36, 64, 32, 3, 47, 92, 6, 81, 70, 51]
3 of 18
Trial 454: [82, 10, 11, 11, 69, 46, 66, 27, 92, 31, 23, 9, 50, 5, 80, 43, 12, 37]
5 of 18
Trial 455: [68, 60, 16, 89, 70, 49, 9, 94, 12, 91, 58, 27, 6, 4, 95, 25, 62, 92]
3 of 18
Trial 456: [18, 7, 14, 7, 70, 14, 53, 81, 28, 6, 86, 70, 98, 46, 73, 90, 24, 8]
4 of 18
Trial 457: [97, 16, 67, 30, 51, 15, 15, 84, 45, 8, 5, 66, 53, 65, 64, 85, 69, 69]
2 of 18
Trial 458: [89, 47, 94, 40, 74, 2, 29, 26, 56, 58, 33, 67, 73, 15, 83, 42, 49, 16]
1 of 18
Trial 459: [42, 82, 5, 1, 22, 99, 93, 99, 16, 19, 91, 49, 54, 67, 28, 62, 24, 29]
2 of 18
Trial 460: [36, 48, 83, 66, 18, 1, 92, 68, 41, 14, 54, 84, 87, 60, 94, 35, 96, 62]
1 of 18
Trial 461: [83, 34, 37, 43, 69, 88, 51, 52, 70, 12, 20, 20, 80, 5, 9, 97, 16, 88]
2 of 18
Trial 462: [65, 60, 31, 19, 75, 42, 55, 67, 53, 97, 97, 56, 99, 54, 72, 72, 48, 9]
1 of 18
Trial 463: [83, 30, 9, 48, 23, 90, 59, 17, 58, 72, 19, 33, 42, 68, 61, 69, 99, 32]
1 of 18
Trial 464: [19, 36, 77, 22, 6, 92, 42, 0, 77, 93, 73, 70, 47, 62, 25, 5, 93, 51]
3 of 18
Trial 465: [39, 56, 6, 62, 79, 25, 25, 16, 50, 91, 34, 84, 64, 67, 64, 70, 7, 68]
2 of 18
Trial 466: [4, 59, 96, 8, 35, 97, 8, 7, 0, 2, 56, 6, 91, 18, 81, 11, 2, 92]
9 of 18
Trial 467: [72, 9, 67, 35, 32, 63, 86, 77, 80, 6, 33, 83, 15, 81, 39, 13, 66, 46]
2 of 18
Trial 468: [25, 63, 76, 59, 86, 57, 32, 96, 3, 62, 41, 65, 88, 46, 48, 99, 56, 56]
1 of 18
Trial 469: [34, 27, 91, 82, 80, 87, 50, 18, 17, 24, 40, 43, 66, 57, 11, 16, 78, 97]
1 of 18
Trial 470: [12, 98, 64, 31, 9, 7, 94, 63, 5, 45, 11, 25, 86, 36, 74, 12, 8, 40]
5 of 18
Trial 471: [2, 29, 38, 96, 65, 58, 33, 71, 58, 11, 80, 93, 42, 44, 88, 32, 68, 35]
2 of 18
Trial 472: [8, 36, 72, 51, 96, 85, 49, 28, 57, 68, 6, 51, 38, 71, 8, 10, 33, 86]
4 of 18
Trial 473: [98, 18, 82, 79, 8, 41, 39, 53, 61, 40, 70, 12, 91, 30, 31, 39, 82, 57]
1 of 18
Trial 474: [18, 91, 11, 29, 23, 38, 18, 32, 81, 78, 67, 90, 89, 22, 60, 14, 84, 17]
1 of 18
Trial 475: [7, 76, 67, 55, 97, 59, 62, 80, 15, 11, 52, 77, 15, 57, 61, 41, 95, 70]
2 of 18
Trial 476: [4, 90, 82, 53, 4, 80, 72, 55, 63, 33, 78, 93, 53, 95, 69, 86, 69, 64]
2 of 18
Trial 477: [53, 31, 72, 5, 86, 24, 87, 68, 0, 31, 67, 70, 8, 73, 82, 4, 10, 33]
5 of 18
Trial 478: [63, 66, 6, 84, 56, 76, 44, 24, 88, 52, 20, 38, 98, 60, 97, 28, 51, 67]
1 of 18
Trial 479: [48, 68, 67, 68, 6, 22, 47, 47, 40, 37, 49, 12, 71, 11, 94, 52, 27, 40]
2 of 18
Trial 480: [67, 74, 46, 7, 45, 98, 53, 15, 84, 82, 28, 28, 31, 66, 38, 64, 95, 42]
1 of 18
Trial 481: [72, 89, 70, 69, 82, 55, 90, 18, 20, 25, 49, 83, 84, 91, 25, 92, 2, 53]
1 of 18
Trial 482: [18, 1, 20, 87, 10, 41, 57, 13, 76, 20, 8, 43, 46, 91, 5, 3, 9, 9]
7 of 18
Trial 483: [40, 91, 15, 52, 31, 11, 20, 24, 35, 1, 79, 53, 4, 96, 81, 58, 69, 71]
3 of 18
Trial 484: [30, 56, 95, 46, 52, 76, 38, 91, 70, 80, 23, 5, 23, 34, 21, 48, 56, 45]
1 of 18
Trial 485: [14, 60, 73, 90, 22, 88, 26, 52, 45, 33, 86, 0, 67, 59, 4, 96, 91, 40]
2 of 18
Trial 486: [52, 81, 51, 99, 45, 16, 59, 72, 22, 29, 47, 28, 54, 80, 52, 5, 65, 79]
1 of 18
Trial 487: [94, 41, 41, 33, 45, 46, 14, 40, 73, 28, 37, 55, 93, 20, 42, 25, 78, 57]
0 of 18
Trial 488: [85, 23, 56, 9, 13, 73, 78, 89, 51, 20, 94, 74, 97, 68, 45, 90, 16, 17]
1 of 18
Trial 489: [41, 79, 54, 29, 68, 32, 39, 1, 13, 38, 95, 59, 55, 20, 16, 47, 97, 15]
1 of 18
Trial 490: [32, 42, 15, 9, 59, 19, 28, 61, 32, 10, 26, 43, 47, 97, 25, 5, 51, 32]
3 of 18
Trial 491: [45, 87, 30, 84, 54, 67, 12, 56, 60, 55, 41, 32, 63, 66, 97, 10, 0, 28]
2 of 18
Trial 492: [93, 8, 80, 31, 28, 38, 3, 41, 97, 26, 45, 3, 95, 20, 97, 90, 87, 5]
4 of 18
Trial 493: [84, 91, 86, 56, 6, 24, 99, 90, 17, 85, 40, 2, 52, 89, 87, 40, 67, 91]
2 of 18
Trial 494: [59, 93, 24, 48, 59, 88, 93, 8, 55, 74, 65, 46, 5, 71, 85, 17, 79, 68]
2 of 18
Trial 495: [94, 12, 14, 15, 9, 17, 93, 68, 2, 89, 50, 15, 36, 62, 9, 99, 7, 14]
4 of 18
Trial 496: [81, 99, 62, 49, 87, 14, 55, 75, 51, 1, 62, 62, 62, 17, 96, 6, 41, 86]
2 of 18
Trial 497: [66, 5, 15, 63, 14, 60, 68, 60, 61, 41, 62, 13, 55, 99, 31, 91, 86, 59]
1 of 18
Trial 498: [47, 26, 69, 47, 87, 33, 33, 93, 35, 53, 40, 85, 64, 36, 96, 46, 73, 16]
0 of 18
Trial 499: [43, 41, 33, 34, 74, 44, 14, 28, 74, 79, 46, 28, 20, 74, 30, 55, 32, 14]
0 of 18
Trial 500: [47, 18, 93, 30, 58, 76, 83, 69, 11, 7, 63, 7, 24, 57, 40, 37, 47, 64]
3 of 18
Trial 501: [74, 95, 70, 44, 0, 20, 48, 62, 93, 42, 56, 20, 19, 63, 8, 63, 22, 35]
2 of 18
Trial 502: [75, 11, 26, 19, 96, 48, 98, 45, 33, 41, 4, 92, 81, 42, 70, 57, 41, 85]
2 of 18
Trial 503: [1, 92, 24, 84, 81, 79, 50, 95, 14, 73, 63, 61, 40, 2, 96, 30, 81, 96]
2 of 18
Trial 504: [90, 51, 67, 19, 25, 55, 42, 85, 62, 41, 39, 11, 21, 88, 48, 83, 67, 54]
1 of 18
Trial 505: [62, 80, 27, 16, 28, 53, 55, 33, 85, 99, 99, 98, 86, 74, 52, 10, 50, 87]
1 of 18
Trial 506: [69, 48, 71, 37, 45, 8, 56, 22, 64, 9, 77, 21, 33, 74, 71, 91, 36, 79]
2 of 18
Trial 507: [84, 63, 11, 65, 61, 84, 27, 15, 58, 56, 23, 52, 52, 30, 28, 55, 83, 79]
1 of 18
Trial 508: [76, 45, 57, 72, 3, 30, 45, 31, 76, 46, 44, 89, 72, 4, 66, 82, 35, 46]
2 of 18
Trial 509: [2, 8, 1, 91, 93, 96, 48, 37, 77, 77, 33, 77, 58, 73, 16, 2, 70, 44]
4 of 18
Trial 510: [92, 79, 74, 42, 19, 75, 67, 28, 70, 6, 39, 16, 6, 62, 14, 69, 87, 31]
2 of 18
Trial 511: [96, 74, 53, 55, 84, 96, 50, 52, 67, 50, 89, 99, 72, 85, 82, 87, 29, 82]
0 of 18
Trial 512: [54, 49, 5, 72, 99, 5, 52, 75, 35, 62, 36, 33, 51, 37, 19, 36, 9, 93]
3 of 18
Trial 513: [49, 30, 73, 56, 36, 16, 54, 1, 5, 56, 23, 50, 33, 91, 95, 41, 16, 0]
3 of 18
Trial 514: [52, 69, 99, 13, 95, 4, 71, 40, 98, 45, 11, 32, 11, 42, 37, 48, 59, 73]
3 of 18
Trial 515: [75, 55, 96, 1, 85, 93, 41, 72, 5, 35, 49, 82, 41, 94, 48, 59, 87, 12]
2 of 18
Trial 516: [18, 36, 58, 54, 29, 20, 36, 33, 1, 44, 76, 89, 38, 69, 85, 24, 44, 38]
1 of 18
Trial 517: [31, 21, 87, 46, 57, 32, 78, 97, 69, 6, 91, 19, 65, 13, 72, 87, 69, 22]
1 of 18
Trial 518: [29, 44, 49, 3, 86, 73, 14, 16, 46, 24, 80, 91, 49, 12, 11, 8, 33, 86]
3 of 18
Trial 519: [17, 39, 37, 58, 54, 89, 73, 40, 35, 99, 54, 21, 65, 72, 1, 66, 66, 3]
2 of 18
Trial 520: [51, 57, 83, 41, 37, 54, 14, 42, 35, 73, 84, 12, 40, 49, 27, 20, 45, 35]
0 of 18
Trial 521: [34, 16, 24, 30, 25, 70, 62, 2, 8, 54, 39, 20, 21, 64, 9, 44, 53, 29]
3 of 18
Trial 522: [50, 11, 4, 61, 28, 35, 59, 87, 8, 96, 66, 5, 81, 79, 47, 31, 16, 34]
4 of 18
Trial 523: [23, 73, 44, 6, 63, 84, 31, 47, 99, 33, 4, 75, 98, 38, 31, 75, 13, 6]
3 of 18
Trial 524: [71, 26, 2, 24, 28, 41, 43, 19, 3, 61, 25, 6, 50, 29, 52, 95, 6, 43]
4 of 18
Trial 525: [91, 18, 9, 73, 42, 38, 59, 40, 2, 58, 12, 66, 36, 87, 78, 59, 3, 70]
3 of 18
Trial 526: [27, 91, 6, 57, 62, 0, 53, 60, 42, 40, 42, 72, 70, 23, 59, 85, 27, 76]
2 of 18
Trial 527: [1, 84, 68, 9, 74, 8, 81, 81, 17, 14, 93, 90, 53, 79, 96, 57, 7, 70]
4 of 18
Trial 528: [0, 75, 85, 7, 13, 91, 19, 82, 68, 8, 92, 54, 77, 92, 46, 15, 45, 52]
3 of 18
Trial 529: [28, 46, 29, 76, 78, 44, 80, 89, 98, 23, 62, 84, 13, 23, 64, 7, 26, 79]
1 of 18
Trial 530: [91, 54, 3, 82, 45, 88, 29, 35, 84, 49, 99, 50, 49, 79, 8, 66, 87, 35]
2 of 18
Trial 531: [36, 14, 60, 11, 47, 10, 84, 65, 54, 5, 1, 21, 31, 16, 38, 98, 29, 18]
4 of 18
Trial 532: [16, 23, 35, 42, 5, 2, 29, 75, 64, 66, 39, 24, 44, 95, 6, 93, 32, 48]
3 of 18
Trial 533: [31, 33, 45, 9, 65, 66, 16, 4, 5, 86, 76, 12, 40, 50, 85, 58, 37, 44]
3 of 18
Trial 534: [61, 0, 68, 72, 90, 83, 57, 98, 33, 17, 82, 52, 9, 69, 46, 41, 42, 12]
2 of 18
Trial 535: [59, 26, 69, 87, 51, 35, 71, 93, 76, 92, 35, 47, 17, 28, 31, 81, 7, 74]
1 of 18
Trial 536: [19, 95, 79, 73, 38, 28, 37, 57, 40, 65, 53, 63, 2, 14, 5, 52, 47, 23]
2 of 18
Trial 537: [10, 72, 72, 51, 73, 0, 22, 98, 2, 69, 23, 11, 86, 2, 93, 42, 33, 23]
5 of 18
Trial 538: [67, 50, 89, 85, 92, 81, 83, 50, 27, 30, 47, 49, 65, 90, 62, 71, 98, 35]
0 of 18
Trial 539: [16, 78, 6, 95, 44, 30, 27, 36, 73, 9, 52, 78, 35, 72, 59, 54, 93, 32]
2 of 18
Trial 540: [23, 70, 57, 71, 88, 8, 11, 94, 86, 2, 60, 68, 11, 66, 34, 4, 74, 25]
5 of 18
Trial 541: [65, 74, 94, 64, 97, 79, 5, 57, 91, 82, 55, 34, 58, 51, 89, 31, 5, 10]
3 of 18
Trial 542: [31, 83, 88, 57, 12, 14, 32, 50, 49, 26, 51, 65, 53, 52, 21, 30, 38, 27]
0 of 18
Trial 543: [74, 11, 41, 9, 55, 11, 66, 60, 47, 36, 87, 71, 25, 76, 50, 7, 5, 11]
6 of 18
Trial 544: [62, 21, 75, 59, 62, 95, 45, 87, 28, 79, 89, 44, 31, 68, 75, 21, 32, 33]
0 of 18
Trial 545: [74, 88, 47, 94, 8, 60, 76, 61, 48, 42, 15, 9, 77, 5, 46, 62, 36, 62]
3 of 18
Trial 546: [45, 70, 39, 55, 57, 4, 25, 8, 67, 73, 50, 38, 44, 83, 24, 53, 31, 29]
2 of 18
Trial 547: [55, 46, 28, 20, 24, 32, 20, 86, 4, 3, 26, 51, 88, 6, 95, 8, 87, 61]
4 of 18
Trial 548: [79, 63, 19, 33, 76, 92, 30, 42, 68, 19, 29, 46, 85, 28, 37, 11, 87, 22]
1 of 18
Trial 549: [92, 73, 36, 66, 8, 38, 39, 13, 36, 73, 95, 29, 74, 75, 6, 81, 51, 15]
2 of 18
Trial 550: [32, 66, 78, 42, 58, 46, 78, 35, 92, 8, 4, 37, 10, 70, 64, 55, 17, 90]
3 of 18
Trial 551: [58, 6, 57, 95, 0, 38, 81, 40, 55, 77, 95, 35, 58, 29, 33, 21, 72, 93]
2 of 18
Trial 552: [62, 4, 96, 66, 74, 87, 19, 88, 97, 87, 9, 28, 96, 9, 76, 96, 54, 92]
3 of 18
Trial 553: [23, 75, 42, 50, 2, 18, 88, 78, 14, 78, 2, 90, 93, 25, 70, 60, 44, 5]
3 of 18
Trial 554: [93, 30, 1, 55, 46, 38, 65, 15, 95, 58, 31, 78, 32, 60, 48, 82, 80, 53]
1 of 18
Trial 555: [61, 84, 44, 69, 16, 53, 13, 88, 37, 96, 37, 98, 77, 31, 6, 25, 91, 71]
1 of 18
Trial 556: [79, 40, 81, 20, 97, 57, 12, 13, 24, 94, 82, 15, 60, 82, 6, 43, 64, 67]
1 of 18
Trial 557: [44, 1, 57, 56, 67, 30, 76, 43, 89, 31, 16, 58, 23, 41, 72, 8, 4, 62]
3 of 18
Trial 558: [5, 53, 7, 19, 98, 72, 94, 93, 38, 69, 72, 69, 92, 21, 27, 27, 56, 87]
2 of 18
Trial 559: [35, 75, 97, 56, 89, 67, 17, 5, 7, 63, 84, 88, 60, 58, 67, 59, 85, 75]
2 of 18
Trial 560: [80, 71, 37, 77, 80, 59, 72, 14, 11, 63, 74, 6, 7, 10, 40, 92, 44, 63]
4 of 18
Trial 561: [99, 58, 2, 19, 14, 82, 76, 25, 45, 7, 42, 40, 15, 9, 48, 29, 98, 34]
3 of 18
Trial 562: [72, 65, 86, 9, 47, 85, 8, 71, 76, 66, 35, 4, 5, 48, 81, 73, 37, 55]
4 of 18
Trial 563: [66, 98, 91, 17, 78, 97, 51, 75, 75, 3, 99, 48, 34, 52, 64, 65, 53, 85]
1 of 18
Trial 564: [78, 61, 48, 98, 41, 32, 38, 67, 58, 74, 76, 48, 38, 73, 38, 25, 28, 2]
1 of 18
Trial 565: [39, 1, 66, 93, 68, 77, 62, 29, 17, 78, 23, 2, 26, 49, 81, 70, 32, 97]
2 of 18
Trial 566: [41, 23, 1, 72, 37, 47, 81, 29, 66, 74, 65, 33, 74, 61, 45, 0, 89, 1]
3 of 18
Trial 567: [92, 12, 9, 18, 50, 6, 38, 19, 10, 75, 70, 4, 33, 82, 90, 47, 37, 37]
4 of 18
Trial 568: [56, 89, 31, 35, 44, 56, 11, 6, 12, 65, 73, 2, 10, 40, 53, 17, 25, 27]
4 of 18
Trial 569: [90, 2, 14, 0, 87, 38, 65, 35, 11, 50, 5, 88, 35, 89, 79, 74, 64, 60]
4 of 18
Trial 570: [64, 70, 2, 34, 0, 67, 81, 21, 95, 63, 8, 3, 48, 28, 83, 55, 95, 10]
5 of 18
Trial 571: [36, 0, 77, 62, 96, 92, 66, 1, 47, 35, 50, 38, 1, 68, 88, 19, 17, 13]
3 of 18
Trial 572: [52, 35, 74, 11, 14, 36, 85, 4, 80, 43, 66, 18, 17, 49, 25, 23, 36, 43]
2 of 18
Trial 573: [47, 43, 3, 81, 68, 28, 80, 25, 94, 80, 16, 83, 32, 60, 51, 37, 55, 59]
1 of 18
Trial 574: [72, 55, 0, 31, 3, 0, 84, 16, 4, 21, 87, 54, 18, 52, 99, 50, 40, 64]
4 of 18
Trial 575: [64, 96, 51, 62, 17, 30, 49, 7, 46, 24, 61, 47, 95, 52, 5, 10, 26, 76]
3 of 18
Trial 576: [52, 91, 51, 41, 83, 30, 76, 26, 68, 9, 20, 44, 33, 53, 40, 40, 29, 12]
1 of 18
Trial 577: [54, 54, 8, 92, 52, 74, 86, 64, 51, 73, 49, 78, 15, 62, 25, 36, 7, 23]
2 of 18
Trial 578: [8, 3, 71, 57, 41, 99, 11, 52, 45, 73, 24, 49, 64, 42, 83, 16, 59, 67]
3 of 18
Trial 579: [12, 15, 6, 2, 72, 33, 56, 22, 63, 26, 77, 33, 95, 58, 90, 87, 87, 17]
2 of 18
Trial 580: [93, 68, 19, 2, 88, 33, 0, 19, 5, 91, 44, 73, 18, 53, 26, 66, 79, 68]
3 of 18
Trial 581: [51, 54, 55, 18, 19, 56, 96, 12, 80, 33, 16, 6, 77, 32, 11, 34, 31, 41]
2 of 18
Trial 582: [22, 25, 76, 28, 9, 52, 81, 61, 75, 22, 99, 82, 14, 99, 71, 67, 48, 74]
1 of 18
Trial 583: [9, 73, 65, 29, 68, 74, 34, 64, 50, 75, 1, 17, 30, 66, 40, 42, 72, 34]
2 of 18
Trial 584: [23, 25, 60, 79, 99, 32, 49, 38, 29, 80, 39, 63, 78, 65, 58, 24, 45, 59]
0 of 18
Trial 585: [9, 41, 63, 94, 49, 36, 47, 3, 56, 2, 44, 49, 43, 23, 21, 22, 77, 32]
3 of 18
Trial 586: [66, 1, 3, 31, 65, 25, 22, 44, 24, 1, 2, 83, 70, 95, 5, 67, 7, 41]
6 of 18
Trial 587: [35, 85, 64, 83, 82, 0, 5, 16, 36, 86, 6, 93, 19, 46, 69, 30, 32, 47]
3 of 18
Trial 588: [97, 4, 85, 65, 49, 73, 58, 32, 76, 39, 38, 7, 88, 80, 83, 1, 44, 6]
4 of 18
Trial 589: [18, 36, 76, 99, 5, 88, 61, 47, 23, 74, 31, 63, 23, 25, 78, 93, 5, 98]
2 of 18
Trial 590: [26, 16, 46, 20, 73, 62, 9, 70, 43, 37, 70, 11, 18, 87, 80, 59, 79, 65]
2 of 18
Trial 591: [46, 61, 83, 44, 6, 9, 1, 83, 88, 10, 37, 14, 20, 7, 12, 95, 59, 96]
5 of 18
Trial 592: [97, 35, 99, 96, 89, 24, 16, 0, 59, 52, 7, 80, 62, 45, 5, 18, 16, 5]
4 of 18
Trial 593: [65, 83, 40, 77, 84, 82, 34, 68, 31, 9, 46, 50, 66, 29, 52, 51, 14, 81]
1 of 18
Trial 594: [19, 2, 91, 68, 62, 8, 86, 22, 83, 80, 80, 91, 59, 38, 62, 99, 80, 3]
3 of 18
Trial 595: [13, 3, 69, 93, 81, 94, 71, 67, 18, 29, 97, 54, 26, 29, 59, 21, 9, 10]
3 of 18
Trial 596: [18, 86, 83, 52, 47, 29, 47, 83, 25, 43, 49, 52, 11, 74, 78, 92, 17, 37]
1 of 18
Trial 597: [81, 26, 77, 27, 92, 84, 50, 36, 75, 23, 73, 35, 36, 51, 24, 16, 77, 79]
0 of 18
Trial 598: [16, 24, 68, 97, 73, 1, 6, 75, 3, 54, 88, 6, 53, 95, 15, 7, 78, 20]
5 of 18
Trial 599: [80, 13, 36, 19, 19, 60, 59, 32, 97, 29, 46, 89, 82, 27, 60, 23, 2, 30]
1 of 18
Trial 600: [80, 53, 72, 49, 44, 3, 46, 96, 63, 77, 2, 64, 15, 96, 80, 67, 49, 79]
2 of 18
Trial 601: [36, 7, 7, 34, 9, 0, 11, 92, 49, 36, 45, 5, 88, 93, 45, 93, 70, 86]
6 of 18
Trial 602: [54, 88, 91, 16, 86, 21, 45, 46, 93, 3, 87, 58, 59, 77, 97, 49, 96, 16]
1 of 18
Trial 603: [88, 40, 17, 58, 15, 34, 19, 13, 33, 13, 8, 84, 71, 46, 94, 95, 59, 41]
1 of 18
Trial 604: [41, 20, 13, 30, 69, 7, 34, 19, 59, 37, 20, 65, 29, 2, 53, 74, 82, 75]
2 of 18
Trial 605: [33, 6, 6, 7, 8, 93, 33, 18, 91, 55, 80, 4, 19, 95, 69, 55, 34, 45]
5 of 18
Trial 606: [68, 10, 63, 86, 2, 42, 7, 35, 2, 55, 15, 58, 53, 52, 83, 30, 10, 77]
5 of 18
Trial 607: [68, 97, 10, 69, 22, 60, 39, 75, 36, 95, 13, 8, 82, 70, 56, 27, 13, 59]
2 of 18
Trial 608: [33, 39, 63, 21, 75, 95, 60, 81, 3, 12, 92, 86, 73, 65, 15, 26, 18, 61]
1 of 18
Trial 609: [74, 47, 47, 77, 92, 49, 0, 28, 90, 0, 90, 49, 45, 3, 90, 98, 55, 86]
3 of 18
Trial 610: [12, 65, 85, 95, 98, 67, 16, 44, 88, 90, 50, 18, 42, 67, 90, 28, 94, 60]
0 of 18
Trial 611: [30, 33, 53, 51, 0, 61, 53, 15, 62, 85, 7, 17, 3, 71, 7, 61, 67, 43]
4 of 18
Trial 612: [89, 22, 15, 0, 18, 42, 50, 26, 85, 74, 28, 35, 78, 78, 0, 31, 11, 41]
3 of 18
Trial 613: [52, 18, 63, 15, 26, 66, 83, 61, 31, 89, 56, 92, 68, 47, 56, 45, 88, 30]
0 of 18
Trial 614: [40, 39, 0, 39, 5, 31, 33, 70, 35, 62, 16, 23, 55, 3, 54, 81, 14, 86]
3 of 18
Trial 615: [46, 43, 45, 83, 59, 30, 36, 33, 98, 12, 93, 66, 83, 92, 44, 19, 41, 0]
1 of 18
Trial 616: [48, 54, 26, 71, 97, 83, 51, 6, 42, 14, 19, 15, 58, 4, 13, 48, 8, 83]
3 of 18
Trial 617: [16, 97, 74, 50, 24, 29, 69, 6, 67, 36, 11, 57, 58, 33, 91, 5, 4, 78]
4 of 18
Trial 618: [60, 76, 95, 40, 22, 36, 4, 54, 15, 61, 83, 67, 14, 10, 89, 90, 33, 69]
2 of 18
Trial 619: [7, 42, 65, 62, 33, 71, 45, 84, 99, 87, 23, 77, 19, 32, 18, 58, 50, 94]
1 of 18
Trial 620: [93, 18, 71, 45, 21, 32, 31, 24, 33, 33, 25, 69, 23, 42, 5, 30, 41, 42]
1 of 18
Trial 621: [49, 47, 20, 79, 59, 34, 37, 57, 99, 36, 46, 66, 74, 79, 46, 59, 52, 75]
0 of 18
Trial 622: [12, 14, 62, 42, 22, 40, 39, 35, 50, 96, 69, 65, 60, 11, 15, 80, 50, 10]
2 of 18
Trial 623: [54, 42, 40, 55, 7, 4, 14, 58, 71, 44, 37, 78, 54, 97, 17, 28, 77, 44]
2 of 18
Trial 624: [67, 46, 22, 42, 75, 64, 83, 36, 55, 59, 59, 39, 82, 87, 49, 58, 84, 65]
0 of 18
Trial 625: [21, 82, 78, 32, 50, 25, 57, 47, 31, 75, 97, 4, 1, 86, 71, 4, 54, 99]
3 of 18
Trial 626: [2, 87, 38, 90, 77, 95, 77, 83, 83, 86, 66, 94, 81, 96, 62, 24, 53, 55]
1 of 18
Trial 627: [14, 22, 58, 75, 96, 71, 62, 95, 82, 0, 59, 67, 14, 27, 80, 96, 41, 75]
1 of 18
Trial 628: [93, 81, 91, 73, 9, 65, 8, 98, 75, 86, 0, 93, 10, 20, 4, 71, 57, 99]
5 of 18
Trial 629: [99, 15, 1, 2, 19, 11, 78, 73, 83, 9, 51, 94, 41, 30, 57, 79, 35, 44]
4 of 18
Trial 630: [87, 15, 95, 2, 0, 84, 65, 54, 33, 79, 25, 51, 21, 24, 36, 26, 34, 48]
2 of 18
Trial 631: [2, 23, 75, 28, 63, 97, 8, 2, 88, 57, 77, 18, 43, 54, 60, 78, 11, 52]
4 of 18
Trial 632: [81, 92, 5, 29, 37, 97, 4, 2, 90, 6, 25, 82, 96, 41, 25, 27, 99, 58]
4 of 18
Trial 633: [16, 13, 39, 86, 21, 34, 20, 72, 82, 73, 82, 37, 94, 53, 92, 71, 7, 59]
1 of 18
Trial 634: [42, 96, 82, 16, 1, 46, 23, 55, 14, 9, 16, 45, 71, 47, 8, 17, 50, 13]
3 of 18
Trial 635: [4, 85, 38, 6, 12, 15, 54, 10, 93, 87, 45, 94, 75, 49, 90, 27, 71, 95]
3 of 18
Trial 636: [1, 48, 72, 13, 46, 45, 3, 7, 57, 82, 76, 9, 16, 76, 29, 47, 86, 80]
4 of 18
Trial 637: [35, 45, 19, 53, 52, 29, 86, 20, 8, 9, 48, 3, 5, 64, 35, 47, 55, 22]
4 of 18
Trial 638: [98, 79, 19, 49, 93, 49, 91, 26, 57, 95, 86, 71, 1, 98, 12, 3, 53, 46]
2 of 18
Trial 639: [57, 50, 81, 52, 62, 19, 15, 42, 94, 35, 19, 62, 7, 21, 21, 30, 57, 12]
1 of 18
Trial 640: [42, 53, 1, 53, 57, 34, 81, 74, 13, 61, 22, 96, 35, 40, 13, 3, 66, 4]
3 of 18
Trial 641: [71, 71, 23, 82, 21, 66, 41, 78, 65, 84, 13, 10, 32, 65, 39, 78, 63, 73]
1 of 18
Trial 642: [94, 9, 86, 87, 55, 54, 22, 49, 69, 8, 8, 40, 24, 0, 80, 0, 92, 14]
5 of 18
Trial 643: [2, 68, 23, 29, 53, 80, 87, 24, 65, 79, 76, 20, 83, 76, 60, 17, 96, 90]
1 of 18
Trial 644: [64, 79, 39, 69, 84, 52, 61, 87, 47, 46, 85, 75, 16, 36, 24, 83, 56, 95]
0 of 18
Trial 645: [83, 54, 82, 51, 42, 62, 65, 81, 22, 6, 2, 17, 63, 27, 57, 0, 35, 45]
3 of 18
Trial 646: [63, 23, 95, 37, 75, 14, 74, 23, 35, 75, 69, 50, 62, 58, 43, 38, 1, 96]
1 of 18
Trial 647: [56, 34, 55, 36, 72, 34, 63, 56, 92, 93, 87, 72, 49, 13, 74, 49, 5, 76]
1 of 18
Trial 648: [99, 19, 83, 42, 21, 71, 70, 51, 4, 37, 41, 14, 29, 6, 64, 45, 46, 26]
2 of 18
Trial 649: [23, 39, 89, 63, 86, 12, 29, 5, 87, 36, 66, 79, 1, 47, 67, 84, 56, 40]
2 of 18
Trial 650: [13, 48, 42, 78, 48, 29, 97, 48, 36, 92, 20, 88, 87, 85, 16, 6, 86, 5]
2 of 18
Trial 651: [51, 62, 30, 61, 25, 7, 51, 17, 52, 27, 78, 64, 77, 63, 4, 56, 39, 64]
2 of 18
Trial 652: [85, 15, 26, 38, 28, 46, 18, 96, 98, 80, 93, 92, 91, 41, 39, 22, 30, 84]
0 of 18
Trial 653: [21, 27, 43, 5, 89, 24, 63, 46, 35, 67, 21, 75, 18, 24, 84, 67, 51, 89]
1 of 18
Trial 654: [79, 81, 33, 61, 87, 18, 64, 36, 76, 33, 13, 96, 63, 47, 48, 12, 70, 23]
0 of 18
Trial 655: [26, 32, 98, 46, 63, 30, 37, 63, 8, 56, 13, 21, 9, 79, 26, 40, 17, 64]
2 of 18
Trial 656: [39, 32, 11, 42, 55, 34, 10, 96, 5, 58, 62, 44, 20, 74, 60, 71, 37, 87]
3 of 18
Trial 657: [52, 49, 38, 95, 16, 4, 18, 86, 47, 77, 74, 27, 79, 86, 66, 93, 5, 27]
2 of 18
Trial 658: [40, 89, 44, 17, 93, 26, 57, 31, 40, 75, 60, 23, 15, 64, 35, 39, 95, 38]
0 of 18
Trial 659: [35, 10, 40, 28, 90, 20, 42, 43, 6, 51, 94, 8, 9, 91, 3, 95, 15, 3]
6 of 18
Trial 660: [57, 47, 61, 44, 73, 10, 69, 81, 98, 20, 93, 8, 98, 92, 49, 25, 71, 27]
2 of 18
Trial 661: [43, 84, 68, 63, 57, 1, 19, 32, 64, 76, 40, 65, 42, 54, 42, 50, 55, 90]
1 of 18
Trial 662: [98, 29, 84, 91, 0, 67, 1, 27, 2, 34, 78, 98, 97, 87, 12, 77, 72, 94]
3 of 18
Trial 663: [78, 26, 11, 24, 81, 17, 29, 97, 92, 29, 90, 97, 2, 92, 83, 81, 36, 62]
2 of 18
Trial 664: [87, 3, 2, 71, 31, 50, 87, 74, 41, 31, 83, 83, 71, 10, 53, 55, 97, 21]
3 of 18
Trial 665: [26, 14, 28, 88, 51, 95, 50, 12, 14, 4, 86, 5, 31, 29, 97, 53, 13, 58]
2 of 18
Trial 666: [8, 50, 62, 55, 92, 98, 0, 35, 75, 48, 70, 47, 2, 18, 76, 28, 69, 98]
3 of 18
Trial 667: [17, 72, 31, 50, 55, 73, 14, 40, 6, 68, 34, 49, 84, 97, 70, 33, 15, 79]
1 of 18
Trial 668: [84, 25, 62, 96, 4, 7, 64, 51, 85, 53, 46, 66, 59, 84, 29, 11, 95, 81]
3 of 18
Trial 669: [10, 51, 91, 2, 6, 31, 27, 99, 21, 71, 50, 67, 24, 42, 47, 81, 60, 27]
3 of 18
Trial 670: [45, 28, 6, 94, 31, 50, 54, 10, 2, 65, 56, 44, 29, 60, 91, 80, 60, 26]
3 of 18
Trial 671: [12, 6, 43, 9, 24, 77, 57, 76, 24, 33, 25, 1, 94, 8, 72, 93, 22, 78]
4 of 18
Trial 672: [97, 6, 21, 60, 71, 44, 74, 52, 79, 17, 19, 61, 95, 73, 33, 42, 10, 37]
2 of 18
Trial 673: [37, 60, 90, 60, 52, 18, 68, 65, 27, 68, 7, 42, 76, 22, 97, 40, 49, 90]
1 of 18
Trial 674: [9, 31, 42, 77, 81, 97, 77, 53, 59, 12, 96, 38, 19, 86, 27, 45, 49, 51]
1 of 18
Trial 675: [82, 19, 92, 66, 1, 61, 78, 97, 42, 42, 61, 61, 65, 65, 16, 89, 76, 50]
1 of 18
Trial 676: [55, 64, 59, 67, 20, 75, 52, 65, 15, 83, 2, 45, 37, 37, 10, 28, 65, 93]
2 of 18
Trial 677: [94, 96, 44, 77, 67, 40, 92, 54, 39, 80, 65, 59, 14, 61, 6, 19, 64, 36]
1 of 18
Trial 678: [42, 30, 63, 39, 9, 26, 64, 98, 55, 81, 80, 78, 20, 14, 15, 98, 1, 31]
2 of 18
Trial 679: [95, 33, 79, 17, 66, 46, 96, 87, 43, 99, 42, 47, 52, 35, 61, 11, 59, 61]
1 of 18
Trial 680: [33, 18, 79, 74, 82, 34, 52, 93, 18, 52, 44, 85, 61, 84, 20, 65, 68, 58]
0 of 18
Trial 681: [74, 68, 65, 65, 24, 18, 92, 74, 50, 77, 3, 52, 63, 72, 49, 92, 61, 75]
1 of 18
Trial 682: [31, 34, 98, 0, 40, 93, 34, 82, 19, 57, 93, 81, 4, 97, 25, 11, 45, 65]
3 of 18
Trial 683: [64, 19, 78, 28, 51, 82, 8, 34, 68, 8, 4, 94, 67, 63, 17, 50, 14, 95]
3 of 18
Trial 684: [8, 17, 55, 99, 48, 0, 71, 25, 8, 46, 54, 24, 46, 43, 85, 63, 67, 22]
3 of 18
Trial 685: [80, 45, 50, 15, 65, 8, 22, 38, 68, 71, 57, 29, 22, 21, 56, 13, 34, 46]
1 of 18
Trial 686: [58, 65, 11, 89, 16, 78, 83, 45, 93, 17, 40, 96, 91, 41, 99, 6, 30, 42]
2 of 18
Trial 687: [55, 84, 61, 99, 36, 36, 14, 68, 54, 40, 3, 65, 15, 25, 44, 12, 95, 39]
1 of 18
Trial 688: [84, 60, 73, 69, 74, 45, 42, 37, 31, 73, 78, 0, 64, 68, 37, 25, 21, 0]
2 of 18
Trial 689: [71, 88, 10, 83, 4, 21, 74, 7, 78, 7, 47, 18, 89, 53, 0, 83, 54, 4]
6 of 18
Trial 690: [55, 54, 30, 59, 42, 13, 74, 94, 69, 24, 36, 36, 67, 58, 67, 36, 14, 43]
0 of 18
Trial 691: [69, 26, 49, 5, 53, 9, 32, 92, 6, 69, 51, 20, 48, 74, 82, 88, 3, 78]
4 of 18
Trial 692: [50, 89, 39, 64, 83, 74, 48, 43, 86, 98, 17, 70, 59, 56, 93, 35, 78, 64]
0 of 18
Trial 693: [28, 77, 22, 8, 6, 74, 10, 54, 55, 62, 8, 43, 19, 80, 66, 76, 46, 10]
5 of 18
Trial 694: [98, 70, 52, 16, 67, 23, 19, 99, 89, 83, 14, 57, 43, 13, 7, 1, 21, 70]
2 of 18
Trial 695: [97, 16, 95, 47, 70, 32, 53, 73, 37, 95, 89, 61, 94, 94, 21, 98, 1, 35]
1 of 18
Trial 696: [32, 90, 14, 72, 35, 66, 37, 48, 11, 42, 48, 18, 51, 92, 24, 67, 78, 92]
1 of 18
Trial 697: [33, 64, 18, 6, 41, 12, 38, 75, 36, 53, 79, 89, 76, 16, 14, 31, 91, 39]
1 of 18
Trial 698: [60, 51, 33, 76, 48, 60, 9, 0, 98, 18, 48, 97, 33, 82, 37, 79, 39, 5]
3 of 18
Trial 699: [49, 32, 5, 18, 53, 26, 2, 10, 54, 53, 45, 98, 50, 57, 59, 94, 50, 67]
3 of 18
Trial 700: [19, 83, 0, 8, 38, 57, 1, 76, 80, 6, 25, 77, 5, 97, 77, 0, 62, 14]
6 of 18
Trial 701: [78, 79, 31, 57, 35, 51, 2, 98, 9, 90, 8, 50, 54, 80, 43, 10, 94, 7]
5 of 18
Trial 702: [43, 99, 31, 33, 77, 41, 88, 70, 80, 17, 16, 67, 99, 34, 35, 93, 78, 46]
0 of 18
Trial 703: [91, 26, 79, 57, 64, 71, 61, 30, 40, 81, 44, 40, 25, 23, 33, 86, 93, 26]
0 of 18
Trial 704: [97, 96, 17, 9, 46, 72, 14, 43, 5, 28, 18, 35, 53, 9, 59, 35, 58, 21]
3 of 18
Trial 705: [36, 89, 68, 32, 82, 98, 56, 47, 93, 47, 45, 85, 73, 5, 47, 26, 85, 1]
2 of 18
Trial 706: [9, 25, 95, 90, 80, 33, 9, 18, 93, 26, 8, 30, 19, 37, 41, 6, 49, 21]
4 of 18
Trial 707: [53, 69, 66, 19, 25, 55, 76, 16, 32, 78, 75, 44, 30, 37, 98, 55, 49, 25]
0 of 18
Trial 708: [63, 64, 17, 23, 27, 72, 58, 8, 69, 33, 89, 27, 1, 56, 93, 23, 37, 37]
2 of 18
Trial 709: [39, 32, 5, 43, 32, 58, 97, 31, 58, 58, 35, 45, 59, 52, 7, 30, 15, 57]
2 of 18
Trial 710: [12, 58, 38, 25, 61, 44, 41, 17, 94, 32, 41, 5, 12, 3, 96, 99, 31, 9]
3 of 18
Trial 711: [69, 36, 10, 6, 70, 49, 38, 63, 33, 3, 41, 74, 64, 31, 46, 18, 85, 6]
4 of 18
Trial 712: [61, 86, 68, 6, 15, 3, 77, 33, 97, 33, 77, 93, 53, 88, 84, 65, 10, 16]
3 of 18
Trial 713: [40, 81, 17, 45, 67, 61, 5, 46, 30, 41, 99, 13, 57, 43, 21, 34, 71, 87]
1 of 18
Trial 714: [86, 23, 23, 32, 22, 40, 15, 27, 29, 65, 34, 56, 50, 64, 76, 3, 98, 2]
2 of 18
Trial 715: [70, 34, 63, 70, 94, 43, 29, 12, 30, 93, 14, 28, 17, 63, 48, 60, 81, 11]
1 of 18
Trial 716: [90, 52, 46, 50, 38, 80, 67, 52, 60, 84, 29, 76, 31, 50, 67, 94, 87, 46]
0 of 18
Trial 717: [42, 80, 68, 38, 17, 86, 30, 34, 70, 46, 12, 48, 57, 65, 48, 5, 73, 44]
1 of 18
Trial 718: [0, 75, 34, 51, 85, 14, 58, 53, 96, 60, 29, 46, 84, 53, 54, 4, 2, 50]
3 of 18
Trial 719: [38, 64, 85, 3, 12, 73, 41, 4, 61, 55, 70, 50, 27, 0, 93, 41, 2, 2]
5 of 18
Trial 720: [28, 63, 12, 22, 74, 44, 64, 58, 66, 70, 57, 89, 13, 29, 60, 35, 87, 28]
0 of 18
Trial 721: [80, 94, 34, 79, 75, 80, 36, 17, 36, 65, 7, 53, 6, 0, 25, 78, 91, 92]
3 of 18
Trial 722: [58, 61, 0, 26, 27, 66, 66, 42, 16, 26, 18, 26, 93, 1, 72, 80, 4, 19]
3 of 18
Trial 723: [85, 52, 69, 15, 29, 24, 36, 2, 11, 77, 1, 48, 22, 92, 92, 22, 99, 45]
3 of 18
Trial 724: [51, 46, 49, 37, 65, 27, 73, 76, 0, 63, 94, 88, 10, 59, 92, 12, 67, 93]
2 of 18
Trial 725: [33, 57, 44, 87, 5, 53, 32, 35, 25, 71, 99, 55, 26, 93, 36, 11, 21, 23]
2 of 18
Trial 726: [4, 77, 39, 39, 37, 7, 89, 47, 54, 96, 60, 98, 46, 69, 36, 6, 76, 41]
3 of 18
Trial 727: [99, 94, 32, 52, 40, 93, 8, 86, 36, 16, 73, 3, 28, 49, 93, 95, 88, 70]
2 of 18
Trial 728: [29, 17, 78, 93, 68, 4, 9, 42, 33, 71, 45, 79, 85, 42, 46, 69, 97, 8]
3 of 18
Trial 729: [68, 38, 54, 51, 89, 55, 28, 3, 38, 38, 25, 73, 90, 11, 32, 67, 70, 90]
2 of 18
Trial 730: [91, 21, 28, 82, 27, 10, 40, 69, 27, 30, 25, 74, 43, 13, 38, 24, 2, 19]
2 of 18
Trial 731: [67, 70, 33, 14, 44, 46, 8, 38, 35, 4, 28, 57, 29, 54, 82, 77, 30, 18]
2 of 18
Trial 732: [16, 60, 78, 78, 71, 26, 46, 37, 2, 73, 15, 5, 62, 98, 85, 50, 81, 31]
2 of 18
Trial 733: [7, 95, 82, 89, 27, 70, 84, 50, 56, 30, 89, 94, 15, 48, 89, 95, 43, 52]
1 of 18
Trial 734: [11, 34, 50, 75, 30, 41, 78, 47, 59, 26, 25, 23, 12, 76, 45, 12, 45, 72]
1 of 18
Trial 735: [22, 69, 84, 8, 4, 12, 85, 9, 64, 86, 34, 21, 11, 41, 49, 67, 71, 83]
4 of 18
Trial 736: [2, 43, 63, 72, 76, 45, 66, 93, 93, 49, 45, 41, 63, 91, 33, 30, 53, 18]
1 of 18
Trial 737: [13, 64, 45, 63, 46, 4, 96, 49, 99, 60, 39, 90, 74, 33, 12, 46, 7, 73]
2 of 18
Trial 738: [30, 70, 43, 90, 79, 29, 69, 51, 58, 68, 15, 69, 80, 86, 23, 2, 77, 48]
1 of 18
Trial 739: [56, 8, 49, 45, 6, 97, 27, 80, 67, 77, 89, 88, 31, 21, 72, 59, 27, 42]
2 of 18
Trial 740: [72, 5, 73, 6, 39, 50, 2, 14, 7, 26, 51, 26, 16, 55, 31, 10, 95, 55]
5 of 18
Trial 741: [0, 36, 21, 82, 89, 22, 6, 6, 9, 17, 53, 38, 20, 55, 86, 38, 17, 19]
4 of 18
Trial 742: [71, 36, 17, 62, 7, 36, 35, 52, 68, 0, 19, 92, 45, 57, 11, 28, 83, 42]
3 of 18
Trial 743: [65, 30, 50, 74, 60, 93, 99, 68, 9, 55, 32, 34, 96, 16, 66, 18, 79, 13]
1 of 18
Trial 744: [75, 29, 42, 34, 66, 67, 30, 48, 22, 13, 94, 46, 49, 3, 57, 50, 45, 41]
1 of 18
Trial 745: [12, 46, 47, 5, 54, 59, 57, 60, 9, 48, 62, 78, 0, 87, 50, 26, 1, 73]
4 of 18
Trial 746: [22, 46, 46, 32, 58, 88, 95, 40, 54, 26, 3, 51, 68, 67, 3, 33, 12, 19]
2 of 18
Trial 747: [51, 98, 30, 21, 92, 56, 45, 52, 54, 81, 36, 57, 81, 64, 92, 78, 2, 87]
1 of 18
Trial 748: [17, 4, 87, 17, 25, 81, 93, 51, 56, 50, 46, 67, 47, 72, 58, 87, 6, 37]
2 of 18
Trial 749: [58, 26, 66, 92, 96, 64, 43, 48, 80, 50, 55, 71, 47, 49, 95, 36, 86, 93]
0 of 18
Trial 750: [39, 9, 22, 91, 42, 32, 76, 97, 46, 43, 93, 15, 5, 81, 0, 23, 74, 0]
4 of 18
Trial 751: [30, 44, 14, 17, 90, 71, 11, 13, 9, 81, 99, 64, 62, 39, 57, 22, 15, 67]
2 of 18
Trial 752: [28, 12, 33, 41, 91, 75, 11, 45, 78, 1, 11, 35, 46, 94, 44, 69, 22, 56]
3 of 18
Trial 753: [8, 7, 52, 4, 32, 9, 27, 99, 22, 16, 37, 34, 95, 60, 42, 73, 61, 41]
4 of 18
Trial 754: [7, 63, 3, 1, 35, 98, 71, 56, 14, 31, 19, 26, 70, 35, 32, 19, 71, 42]
3 of 18
Trial 755: [75, 18, 19, 41, 35, 35, 11, 25, 32, 2, 13, 99, 52, 91, 29, 47, 56, 98]
2 of 18
Trial 756: [65, 22, 1, 57, 97, 7, 87, 74, 22, 63, 94, 80, 20, 20, 95, 14, 60, 60]
2 of 18
Trial 757: [78, 75, 49, 69, 52, 88, 47, 50, 73, 50, 78, 18, 44, 64, 82, 66, 98, 95]
0 of 18
Trial 758: [89, 18, 12, 15, 17, 4, 86, 99, 75, 93, 45, 41, 51, 34, 43, 9, 7, 39]
3 of 18
Trial 759: [6, 53, 40, 16, 27, 31, 65, 46, 74, 12, 82, 78, 17, 60, 71, 22, 87, 34]
1 of 18
Trial 760: [28, 99, 88, 91, 17, 72, 93, 36, 38, 93, 94, 0, 73, 32, 54, 31, 77, 22]
1 of 18
Trial 761: [43, 29, 10, 75, 5, 51, 53, 81, 46, 64, 19, 83, 49, 25, 60, 26, 14, 11]
3 of 18
Trial 762: [48, 51, 7, 9, 21, 52, 12, 18, 19, 38, 81, 41, 90, 65, 50, 9, 8, 23]
4 of 18
Trial 763: [58, 92, 46, 48, 22, 27, 49, 51, 97, 84, 87, 38, 60, 13, 7, 20, 42, 22]
1 of 18
Trial 764: [97, 29, 76, 84, 95, 93, 18, 2, 44, 32, 34, 1, 57, 23, 23, 52, 35, 53]
2 of 18
Trial 765: [37, 14, 95, 61, 89, 33, 54, 13, 87, 69, 36, 4, 53, 61, 41, 33, 68, 13]
1 of 18
Trial 766: [0, 74, 33, 28, 31, 47, 67, 44, 64, 15, 35, 47, 15, 35, 44, 85, 61, 38]
1 of 18
Trial 767: [66, 59, 99, 95, 85, 98, 87, 44, 20, 81, 70, 36, 18, 1, 88, 8, 31, 63]
2 of 18
Trial 768: [68, 97, 87, 35, 16, 98, 85, 89, 74, 99, 83, 50, 76, 11, 20, 26, 61, 94]
1 of 18
Trial 769: [39, 8, 56, 1, 14, 11, 40, 95, 65, 44, 76, 35, 34, 48, 44, 90, 78, 40]
3 of 18
Trial 770: [74, 36, 5, 55, 49, 4, 53, 29, 17, 99, 23, 36, 8, 4, 67, 31, 68, 44]
4 of 18
Trial 771: [63, 99, 68, 12, 58, 2, 60, 16, 37, 89, 19, 54, 29, 35, 52, 67, 2, 46]
2 of 18
Trial 772: [17, 97, 83, 55, 1, 11, 21, 20, 13, 58, 49, 19, 80, 55, 16, 76, 13, 41]
2 of 18
Trial 773: [77, 47, 95, 2, 40, 61, 26, 11, 8, 53, 3, 58, 80, 17, 69, 38, 83, 21]
4 of 18
Trial 774: [45, 33, 77, 7, 81, 98, 7, 39, 66, 38, 62, 94, 76, 75, 80, 85, 17, 40]
2 of 18
Trial 775: [6, 47, 53, 88, 83, 17, 59, 25, 50, 66, 72, 28, 41, 25, 41, 86, 45, 79]
1 of 18
Trial 776: [2, 25, 2, 45, 50, 33, 60, 32, 87, 99, 63, 19, 27, 16, 21, 53, 48, 61]
2 of 18
Trial 777: [80, 69, 87, 24, 6, 31, 59, 11, 37, 53, 55, 13, 63, 6, 86, 34, 16, 58]
3 of 18
Trial 778: [37, 1, 96, 40, 4, 29, 96, 1, 75, 79, 69, 80, 58, 81, 12, 24, 23, 6]
4 of 18
Trial 779: [95, 83, 19, 84, 97, 54, 16, 56, 63, 84, 47, 25, 73, 9, 57, 93, 87, 54]
1 of 18
Trial 780: [99, 86, 55, 99, 6, 78, 92, 52, 85, 78, 82, 34, 58, 74, 53, 83, 47, 49]
1 of 18
Trial 781: [36, 25, 11, 26, 2, 20, 49, 23, 56, 16, 70, 39, 32, 90, 89, 26, 29, 1]
3 of 18
Trial 782: [44, 63, 90, 92, 63, 44, 11, 78, 89, 85, 62, 57, 49, 92, 33, 25, 63, 8]
2 of 18
Trial 783: [45, 4, 4, 15, 49, 33, 35, 48, 86, 59, 49, 63, 76, 12, 74, 17, 85, 80]
2 of 18
Trial 784: [82, 9, 31, 58, 80, 69, 16, 17, 49, 99, 59, 73, 99, 11, 78, 14, 3, 30]
3 of 18
Trial 785: [30, 84, 14, 76, 26, 27, 0, 26, 12, 16, 80, 82, 70, 92, 14, 54, 76, 68]
1 of 18
Trial 786: [58, 77, 45, 97, 91, 25, 41, 87, 64, 15, 42, 63, 60, 90, 37, 92, 93, 55]
0 of 18
Trial 787: [69, 68, 96, 56, 44, 11, 19, 40, 84, 63, 35, 48, 0, 80, 52, 77, 39, 71]
2 of 18
Trial 788: [2, 54, 76, 65, 29, 52, 34, 48, 43, 1, 89, 50, 59, 9, 84, 46, 61, 48]
3 of 18
Trial 789: [9, 58, 0, 67, 6, 86, 11, 21, 3, 80, 20, 69, 76, 23, 92, 68, 54, 10]
6 of 18
Trial 790: [59, 52, 78, 12, 46, 83, 73, 38, 28, 13, 80, 6, 9, 43, 70, 10, 73, 90]
3 of 18
Trial 791: [40, 34, 81, 45, 52, 75, 99, 72, 54, 72, 23, 93, 41, 14, 15, 87, 43, 44]
0 of 18
Trial 792: [37, 94, 68, 28, 50, 8, 61, 82, 93, 0, 41, 99, 14, 14, 3, 42, 55, 80]
3 of 18
Trial 793: [96, 40, 15, 21, 24, 61, 57, 1, 71, 89, 35, 91, 8, 38, 96, 98, 18, 17]
2 of 18
Trial 794: [45, 18, 47, 6, 95, 78, 26, 79, 14, 97, 14, 95, 99, 17, 42, 6, 65, 71]
2 of 18
Trial 795: [4, 47, 82, 89, 23, 88, 73, 69, 40, 40, 94, 50, 46, 17, 84, 81, 56, 75]
1 of 18
Trial 796: [3, 36, 44, 59, 16, 95, 2, 52, 66, 5, 60, 74, 9, 4, 80, 56, 98, 99]
5 of 18
Trial 797: [94, 11, 28, 54, 45, 38, 4, 72, 87, 80, 25, 51, 46, 29, 18, 12, 55, 44]
2 of 18
Trial 798: [71, 27, 30, 38, 2, 33, 83, 38, 26, 5, 1, 65, 2, 45, 57, 88, 60, 8]
5 of 18
Trial 799: [49, 21, 98, 3, 22, 74, 32, 11, 39, 17, 50, 82, 68, 36, 61, 8, 87, 82]
3 of 18
Trial 800: [82, 88, 6, 98, 91, 30, 42, 51, 78, 41, 84, 96, 98, 80, 58, 83, 20, 0]
2 of 18
Trial 801: [59, 37, 56, 89, 82, 52, 19, 38, 24, 43, 88, 68, 25, 83, 56, 91, 51, 91]
0 of 18
Trial 802: [30, 38, 27, 85, 66, 79, 34, 40, 79, 94, 68, 83, 12, 35, 91, 2, 34, 3]
2 of 18
Trial 803: [80, 37, 6, 62, 43, 29, 99, 76, 14, 63, 96, 47, 17, 7, 53, 15, 2, 31]
3 of 18
Trial 804: [36, 48, 73, 84, 68, 57, 84, 45, 27, 48, 70, 31, 2, 19, 99, 49, 1, 82]
2 of 18
Trial 805: [52, 26, 89, 29, 77, 31, 43, 2, 52, 1, 41, 87, 71, 7, 82, 91, 75, 1]
4 of 18
Trial 806: [96, 8, 18, 26, 61, 52, 54, 43, 22, 29, 33, 10, 30, 63, 49, 32, 17, 21]
2 of 18
Trial 807: [55, 28, 25, 97, 84, 58, 77, 93, 82, 55, 26, 93, 55, 2, 61, 67, 35, 34]
1 of 18
Trial 808: [39, 68, 29, 44, 2, 59, 69, 52, 94, 25, 21, 97, 45, 73, 40, 81, 89, 31]
1 of 18
Trial 809: [73, 81, 34, 82, 14, 94, 76, 14, 96, 29, 89, 56, 50, 97, 96, 53, 49, 62]
0 of 18
Trial 810: [19, 38, 97, 30, 66, 32, 88, 61, 87, 55, 21, 19, 63, 97, 92, 19, 60, 83]
0 of 18
Trial 811: [86, 85, 56, 45, 7, 84, 5, 18, 68, 31, 15, 2, 23, 20, 34, 99, 41, 28]
3 of 18
Trial 812: [0, 11, 0, 67, 24, 18, 57, 24, 27, 88, 38, 14, 35, 96, 52, 27, 7, 24]
4 of 18
Trial 813: [33, 70, 15, 43, 85, 48, 70, 48, 11, 45, 85, 35, 40, 11, 93, 10, 66, 39]
3 of 18
Trial 814: [75, 15, 87, 67, 49, 38, 58, 69, 57, 85, 99, 39, 58, 15, 54, 60, 74, 68]
0 of 18
Trial 815: [49, 37, 76, 1, 92, 1, 71, 70, 21, 33, 86, 42, 17, 72, 69, 76, 15, 75]
2 of 18
Trial 816: [26, 30, 28, 4, 99, 20, 66, 75, 28, 16, 99, 38, 47, 73, 42, 56, 67, 75]
1 of 18
Trial 817: [90, 19, 70, 92, 81, 26, 5, 1, 50, 64, 96, 80, 28, 35, 41, 38, 1, 9]
4 of 18
Trial 818: [96, 80, 94, 29, 96, 26, 54, 0, 81, 87, 53, 10, 10, 58, 94, 20, 46, 27]
3 of 18
Trial 819: [54, 14, 31, 42, 77, 40, 92, 68, 38, 26, 55, 9, 52, 29, 31, 58, 74, 64]
1 of 18
Trial 820: [49, 96, 51, 83, 95, 50, 59, 66, 92, 81, 76, 99, 33, 52, 58, 36, 60, 69]
0 of 18
Trial 821: [17, 79, 96, 54, 83, 16, 40, 11, 83, 59, 9, 52, 68, 94, 43, 49, 92, 66]
2 of 18
Trial 822: [37, 41, 87, 45, 71, 21, 42, 51, 49, 66, 80, 64, 6, 32, 66, 5, 61, 64]
2 of 18
Trial 823: [52, 24, 85, 91, 96, 90, 65, 86, 55, 99, 37, 35, 75, 15, 21, 71, 35, 13]
0 of 18
Trial 824: [10, 16, 37, 50, 50, 68, 20, 21, 9, 45, 28, 86, 40, 40, 26, 37, 33, 19]
2 of 18
Trial 825: [66, 27, 89, 1, 99, 73, 12, 97, 37, 94, 58, 80, 33, 22, 69, 65, 55, 34]
1 of 18
Trial 826: [25, 80, 48, 34, 20, 41, 51, 55, 46, 42, 46, 86, 6, 31, 4, 78, 3, 32]
3 of 18
Trial 827: [71, 65, 16, 85, 56, 43, 42, 49, 86, 88, 48, 15, 72, 70, 64, 83, 26, 3]
1 of 18
Trial 828: [69, 78, 74, 0, 59, 55, 9, 70, 23, 69, 17, 9, 39, 8, 30, 3, 35, 10]
6 of 18
Trial 829: [0, 95, 19, 29, 84, 5, 39, 38, 7, 74, 51, 19, 20, 64, 22, 51, 21, 88]
3 of 18
Trial 830: [84, 59, 99, 69, 43, 7, 97, 89, 92, 30, 41, 19, 97, 21, 13, 89, 22, 60]
1 of 18
Trial 831: [61, 72, 27, 17, 52, 51, 10, 12, 10, 61, 44, 14, 77, 72, 58, 92, 59, 16]
2 of 18
Trial 832: [73, 37, 47, 14, 72, 25, 15, 55, 74, 87, 91, 5, 19, 69, 93, 99, 8, 60]
2 of 18
Trial 833: [93, 70, 7, 95, 8, 84, 42, 31, 75, 7, 23, 33, 39, 33, 22, 78, 67, 42]
3 of 18
Trial 834: [19, 18, 81, 5, 15, 57, 63, 1, 36, 28, 10, 37, 88, 65, 40, 59, 93, 93]
3 of 18
Trial 835: [5, 43, 23, 66, 94, 49, 83, 94, 25, 14, 6, 51, 21, 65, 61, 26, 96, 43]
2 of 18
Trial 836: [83, 59, 20, 31, 25, 79, 65, 10, 27, 37, 95, 14, 78, 65, 61, 10, 38, 51]
2 of 18
Trial 837: [50, 82, 29, 95, 76, 40, 38, 30, 49, 50, 20, 96, 86, 75, 43, 99, 51, 20]
0 of 18
Trial 838: [88, 60, 16, 64, 88, 60, 64, 66, 48, 52, 29, 87, 19, 45, 96, 72, 3, 28]
1 of 18
Trial 839: [64, 19, 69, 1, 44, 90, 65, 31, 60, 92, 73, 34, 78, 63, 33, 36, 89, 56]
1 of 18
Trial 840: [11, 66, 73, 56, 38, 21, 66, 58, 80, 22, 51, 8, 26, 36, 83, 2, 8, 59]
4 of 18
Trial 841: [80, 25, 97, 9, 93, 42, 44, 53, 67, 30, 54, 52, 10, 1, 91, 29, 74, 56]
3 of 18
Trial 842: [14, 60, 68, 8, 4, 89, 78, 29, 24, 77, 91, 63, 42, 5, 8, 29, 6, 29]
5 of 18
Trial 843: [83, 28, 23, 84, 96, 65, 61, 78, 67, 53, 81, 85, 28, 2, 61, 11, 64, 60]
2 of 18
Trial 844: [28, 21, 34, 81, 75, 31, 22, 56, 47, 74, 42, 57, 68, 65, 96, 70, 50, 8]
1 of 18
Trial 845: [49, 24, 36, 11, 85, 47, 60, 80, 74, 74, 69, 29, 45, 47, 68, 54, 84, 98]
1 of 18
Trial 846: [63, 67, 59, 93, 10, 6, 89, 43, 78, 40, 87, 91, 24, 57, 33, 48, 73, 45]
2 of 18
Trial 847: [97, 18, 18, 47, 0, 4, 47, 19, 40, 22, 3, 27, 5, 60, 16, 86, 58, 18]
4 of 18
Trial 848: [99, 23, 18, 47, 94, 85, 77, 25, 0, 92, 29, 56, 8, 7, 8, 49, 32, 2]
5 of 18
Trial 849: [3, 34, 68, 40, 26, 76, 14, 57, 18, 96, 4, 81, 60, 26, 87, 70, 49, 14]
2 of 18
Trial 850: [82, 2, 96, 68, 11, 56, 85, 62, 48, 6, 80, 94, 10, 70, 56, 0, 96, 54]
5 of 18
Trial 851: [38, 54, 11, 24, 46, 36, 55, 49, 11, 1, 94, 7, 71, 69, 69, 3, 98, 43]
5 of 18
Trial 852: [99, 60, 57, 32, 16, 60, 63, 76, 86, 57, 97, 70, 83, 15, 16, 25, 62, 51]
0 of 18
Trial 853: [10, 3, 82, 2, 34, 38, 72, 51, 16, 68, 29, 76, 24, 23, 81, 52, 97, 58]
3 of 18
Trial 854: [82, 73, 6, 42, 20, 48, 78, 12, 53, 51, 25, 40, 69, 96, 78, 82, 59, 90]
1 of 18
Trial 855: [2, 27, 54, 68, 14, 54, 95, 49, 2, 83, 79, 19, 87, 87, 61, 31, 56, 17]
2 of 18
Trial 856: [23, 44, 87, 64, 49, 73, 58, 30, 2, 65, 2, 64, 6, 31, 73, 19, 32, 76]
3 of 18
Trial 857: [20, 1, 18, 96, 90, 23, 90, 82, 2, 1, 69, 96, 3, 83, 41, 54, 2, 46]
5 of 18
Trial 858: [50, 36, 89, 3, 54, 18, 97, 10, 18, 60, 13, 71, 34, 6, 60, 77, 64, 10]
4 of 18
Trial 859: [23, 78, 87, 93, 83, 0, 39, 83, 66, 84, 30, 33, 93, 95, 7, 12, 8, 41]
3 of 18
Trial 860: [71, 28, 44, 35, 42, 46, 26, 48, 46, 68, 33, 83, 97, 62, 86, 62, 75, 20]
0 of 18
Trial 861: [37, 16, 44, 5, 3, 47, 23, 6, 24, 7, 47, 45, 51, 69, 9, 86, 42, 43]
5 of 18
Trial 862: [74, 48, 72, 59, 49, 25, 95, 6, 42, 77, 81, 96, 60, 22, 28, 2, 91, 99]
2 of 18
Trial 863: [80, 45, 83, 52, 74, 68, 0, 43, 52, 32, 50, 20, 93, 9, 56, 59, 0, 97]
3 of 18
Trial 864: [58, 29, 94, 93, 27, 97, 22, 11, 69, 14, 22, 16, 16, 43, 78, 81, 53, 46]
1 of 18
Trial 865: [93, 69, 99, 48, 20, 62, 25, 83, 69, 15, 55, 92, 39, 2, 5, 43, 14, 42]
2 of 18
Trial 866: [33, 1, 2, 18, 2, 75, 11, 45, 99, 58, 62, 24, 37, 35, 31, 53, 91, 81]
4 of 18
Trial 867: [52, 35, 0, 79, 57, 87, 36, 10, 68, 85, 53, 70, 39, 51, 78, 60, 34, 86]
2 of 18
Trial 868: [97, 45, 85, 43, 51, 19, 68, 50, 72, 0, 60, 41, 97, 86, 2, 64, 38, 89]
2 of 18
Trial 869: [4, 38, 82, 67, 82, 85, 11, 89, 83, 72, 24, 2, 71, 23, 0, 93, 92, 34]
4 of 18
Trial 870: [7, 79, 31, 29, 0, 60, 98, 25, 61, 50, 55, 61, 17, 6, 47, 75, 7, 85]
4 of 18
Trial 871: [76, 44, 1, 35, 15, 45, 21, 19, 46, 99, 4, 54, 74, 42, 36, 6, 70, 36]
3 of 18
Trial 872: [76, 30, 23, 13, 91, 12, 22, 89, 8, 25, 26, 53, 56, 0, 35, 15, 6, 22]
3 of 18
Trial 873: [90, 77, 98, 77, 92, 69, 43, 96, 46, 99, 68, 19, 69, 9, 48, 64, 9, 19]
2 of 18
Trial 874: [87, 78, 47, 63, 61, 47, 89, 80, 66, 52, 24, 79, 9, 67, 83, 81, 36, 76]
1 of 18
Trial 875: [44, 76, 80, 81, 22, 8, 29, 95, 38, 85, 49, 37, 47, 29, 87, 18, 99, 59]
1 of 18
Trial 876: [9, 80, 75, 10, 55, 88, 83, 9, 10, 69, 85, 14, 56, 43, 9, 79, 3, 87]
6 of 18
Trial 877: [44, 33, 86, 24, 90, 81, 47, 22, 10, 27, 42, 91, 78, 63, 88, 74, 12, 24]
1 of 18
Trial 878: [32, 16, 14, 14, 84, 31, 19, 43, 22, 38, 55, 61, 51, 5, 57, 89, 8, 75]
2 of 18
Trial 879: [65, 33, 58, 99, 13, 24, 45, 90, 37, 77, 97, 75, 47, 42, 58, 87, 86, 89]
0 of 18
Trial 880: [27, 76, 47, 49, 45, 94, 12, 30, 95, 16, 89, 68, 58, 54, 5, 56, 33, 65]
1 of 18
Trial 881: [46, 34, 76, 5, 46, 3, 27, 94, 2, 50, 36, 5, 40, 95, 59, 59, 29, 10]
5 of 18
Trial 882: [7, 78, 85, 1, 92, 19, 52, 2, 4, 7, 96, 21, 55, 64, 7, 58, 95, 60]
6 of 18
Trial 883: [15, 24, 13, 30, 13, 19, 87, 90, 6, 71, 96, 21, 96, 57, 95, 88, 61, 70]
1 of 18
Trial 884: [63, 7, 54, 41, 81, 93, 74, 95, 73, 76, 98, 31, 71, 92, 30, 19, 81, 36]
1 of 18
Trial 885: [5, 46, 47, 80, 8, 9, 17, 20, 28, 22, 19, 44, 18, 59, 33, 96, 69, 88]
3 of 18
Trial 886: [99, 10, 91, 16, 79, 49, 10, 80, 56, 25, 67, 57, 1, 74, 83, 26, 78, 57]
3 of 18
Trial 887: [74, 21, 41, 92, 71, 8, 78, 47, 17, 73, 54, 13, 75, 82, 0, 46, 77, 10]
3 of 18
Trial 888: [52, 92, 12, 86, 66, 96, 18, 41, 59, 62, 10, 42, 89, 93, 55, 90, 72, 44]
1 of 18
Trial 889: [12, 22, 31, 33, 94, 43, 39, 53, 53, 39, 70, 33, 6, 96, 54, 26, 63, 85]
1 of 18
Trial 890: [51, 0, 78, 94, 4, 87, 18, 72, 19, 71, 50, 25, 47, 37, 66, 68, 65, 53]
2 of 18
Trial 891: [35, 87, 47, 57, 22, 61, 36, 0, 6, 72, 21, 68, 21, 12, 42, 28, 22, 45]
2 of 18
Trial 892: [65, 3, 1, 50, 15, 94, 33, 16, 18, 15, 76, 80, 30, 44, 37, 11, 71, 65]
3 of 18
Trial 893: [78, 45, 42, 50, 6, 16, 83, 58, 38, 34, 8, 8, 26, 54, 62, 61, 87, 87]
3 of 18
Trial 894: [90, 90, 28, 4, 95, 17, 7, 74, 46, 94, 2, 6, 53, 5, 38, 26, 24, 80]
5 of 18
Trial 895: [52, 41, 84, 92, 65, 48, 1, 77, 60, 85, 3, 35, 95, 69, 31, 22, 90, 80]
2 of 18
Trial 896: [89, 23, 66, 70, 79, 89, 77, 27, 16, 47, 58, 15, 34, 17, 61, 37, 11, 36]
1 of 18
Trial 897: [90, 61, 97, 55, 76, 58, 95, 18, 41, 69, 39, 29, 52, 97, 14, 48, 64, 15]
0 of 18
Trial 898: [98, 32, 69, 49, 31, 31, 28, 27, 40, 14, 90, 53, 2, 9, 85, 90, 39, 0]
3 of 18
Trial 899: [41, 45, 60, 85, 79, 63, 64, 64, 29, 89, 2, 69, 15, 79, 32, 25, 69, 67]
1 of 18
Trial 900: [49, 81, 47, 63, 13, 83, 78, 90, 56, 64, 40, 83, 87, 8, 42, 27, 37, 38]
1 of 18
Trial 901: [57, 61, 34, 9, 8, 48, 5, 15, 83, 48, 23, 83, 40, 50, 16, 86, 51, 34]
3 of 18
Trial 902: [90, 15, 73, 93, 71, 88, 70, 41, 24, 88, 3, 50, 65, 76, 62, 78, 43, 18]
1 of 18
Trial 903: [23, 65, 28, 0, 67, 63, 56, 26, 46, 85, 99, 10, 15, 80, 22, 4, 7, 88]
4 of 18
Trial 904: [54, 8, 20, 65, 34, 92, 1, 82, 18, 52, 8, 82, 35, 68, 79, 96, 99, 22]
3 of 18
Trial 905: [36, 77, 62, 61, 99, 62, 46, 53, 14, 5, 74, 6, 95, 87, 89, 92, 88, 36]
2 of 18
Trial 906: [70, 47, 16, 84, 68, 77, 12, 1, 78, 59, 44, 61, 72, 54, 51, 26, 66, 25]
1 of 18
Trial 907: [95, 2, 46, 4, 0, 62, 59, 56, 71, 61, 21, 60, 53, 78, 97, 10, 37, 18]
4 of 18
Trial 908: [30, 93, 80, 72, 13, 52, 11, 67, 36, 91, 45, 10, 88, 61, 47, 78, 63, 23]
2 of 18
Trial 909: [64, 60, 92, 71, 65, 22, 66, 21, 28, 16, 99, 65, 54, 63, 72, 27, 49, 61]
0 of 18
Trial 910: [78, 64, 69, 87, 41, 90, 62, 68, 39, 7, 26, 18, 34, 23, 54, 60, 32, 3]
2 of 18
Trial 911: [30, 71, 29, 88, 53, 4, 61, 26, 0, 32, 66, 72, 77, 14, 96, 37, 96, 46]
2 of 18
Trial 912: [84, 50, 60, 83, 75, 47, 84, 82, 45, 8, 74, 98, 8, 91, 99, 19, 59, 27]
2 of 18
Trial 913: [86, 86, 84, 93, 49, 42, 23, 13, 99, 42, 91, 15, 16, 57, 73, 56, 79, 10]
1 of 18
Trial 914: [44, 76, 29, 2, 53, 85, 45, 18, 90, 50, 44, 86, 93, 45, 93, 48, 82, 32]
1 of 18
Trial 915: [63, 70, 96, 10, 53, 30, 53, 2, 50, 75, 39, 57, 97, 69, 52, 35, 49, 3]
3 of 18
Trial 916: [51, 56, 81, 73, 4, 64, 51, 59, 82, 23, 73, 91, 84, 82, 84, 85, 93, 35]
1 of 18
Trial 917: [69, 29, 91, 94, 63, 25, 5, 66, 88, 36, 20, 19, 40, 15, 19, 17, 79, 94]
1 of 18
Trial 918: [17, 98, 61, 19, 8, 10, 99, 89, 18, 43, 71, 22, 61, 87, 43, 21, 67, 40]
2 of 18
Trial 919: [25, 8, 50, 82, 63, 96, 87, 45, 54, 58, 96, 86, 87, 73, 90, 97, 9, 92]
2 of 18
Trial 920: [81, 22, 61, 12, 86, 54, 25, 37, 27, 53, 16, 26, 54, 68, 20, 63, 62, 97]
0 of 18
Trial 921: [42, 70, 87, 27, 46, 32, 81, 63, 28, 73, 86, 35, 50, 81, 44, 59, 20, 74]
0 of 18
Trial 922: [9, 33, 72, 91, 26, 88, 97, 21, 37, 48, 3, 71, 13, 32, 62, 36, 17, 4]
3 of 18
Trial 923: [90, 70, 58, 81, 18, 85, 91, 2, 86, 96, 51, 34, 82, 86, 19, 87, 8, 14]
2 of 18
Trial 924: [66, 78, 69, 75, 91, 13, 45, 9, 69, 73, 8, 94, 4, 98, 2, 25, 17, 12]
4 of 18
Trial 925: [92, 63, 58, 31, 69, 10, 42, 11, 43, 99, 19, 71, 74, 49, 80, 21, 15, 72]
2 of 18
Trial 926: [79, 6, 81, 2, 86, 99, 21, 26, 76, 68, 76, 74, 91, 36, 34, 69, 34, 0]
3 of 18
Trial 927: [92, 52, 73, 28, 32, 84, 14, 89, 89, 46, 14, 45, 5, 2, 36, 53, 48, 49]
2 of 18
Trial 928: [93, 7, 4, 93, 8, 93, 97, 19, 56, 84, 99, 39, 25, 62, 69, 61, 41, 63]
3 of 18
Trial 929: [19, 25, 77, 8, 69, 42, 86, 60, 1, 64, 33, 9, 7, 78, 61, 72, 72, 47]
4 of 18
Trial 930: [41, 25, 3, 22, 80, 67, 79, 84, 26, 71, 2, 79, 41, 19, 81, 35, 4, 85]
3 of 18
Trial 931: [76, 67, 73, 75, 29, 92, 86, 92, 27, 60, 29, 25, 26, 60, 39, 12, 75, 22]
0 of 18
Trial 932: [23, 87, 75, 94, 60, 4, 61, 23, 2, 13, 90, 55, 83, 55, 97, 87, 98, 50]
2 of 18
Trial 933: [3, 43, 55, 23, 44, 83, 73, 83, 33, 62, 32, 34, 56, 16, 42, 45, 41, 41]
1 of 18
Trial 934: [6, 17, 42, 53, 12, 16, 25, 67, 90, 34, 40, 48, 15, 61, 12, 13, 76, 79]
1 of 18
Trial 935: [65, 49, 88, 66, 6, 13, 71, 37, 87, 77, 81, 25, 24, 95, 19, 83, 77, 58]
1 of 18
Trial 936: [76, 95, 61, 26, 79, 20, 26, 89, 15, 30, 91, 3, 50, 6, 74, 0, 60, 44]
3 of 18
Trial 937: [70, 12, 75, 30, 77, 82, 66, 52, 85, 9, 58, 80, 36, 25, 24, 67, 84, 21]
1 of 18
Trial 938: [35, 40, 25, 32, 24, 39, 53, 52, 9, 12, 71, 43, 80, 22, 18, 76, 74, 65]
1 of 18
Trial 939: [71, 68, 47, 78, 50, 80, 73, 61, 37, 82, 72, 78, 88, 23, 36, 93, 32, 60]
0 of 18
Trial 940: [78, 41, 13, 33, 0, 30, 69, 71, 2, 1, 65, 96, 42, 77, 14, 59, 44, 10]
4 of 18
Trial 941: [76, 59, 48, 83, 38, 42, 30, 66, 86, 55, 31, 77, 76, 2, 56, 45, 42, 78]
1 of 18
Trial 942: [16, 63, 92, 41, 16, 49, 74, 89, 68, 29, 47, 68, 68, 84, 58, 82, 21, 56]
0 of 18
Trial 943: [61, 72, 71, 56, 25, 66, 51, 49, 21, 23, 97, 62, 24, 76, 14, 85, 66, 6]
1 of 18
Trial 944: [36, 44, 17, 49, 70, 54, 85, 98, 54, 89, 3, 1, 75, 52, 34, 84, 98, 97]
2 of 18
Trial 945: [78, 77, 49, 86, 33, 3, 24, 28, 16, 41, 23, 59, 94, 93, 29, 90, 78, 74]
1 of 18
Trial 946: [68, 63, 18, 83, 93, 29, 18, 47, 64, 43, 97, 83, 71, 80, 25, 81, 74, 48]
0 of 18
Trial 947: [78, 85, 90, 38, 46, 36, 80, 37, 82, 51, 34, 23, 33, 60, 76, 52, 87, 33]
0 of 18
Trial 948: [46, 53, 99, 19, 83, 78, 45, 49, 27, 66, 42, 6, 5, 4, 2, 71, 61, 30]
4 of 18
Trial 949: [61, 54, 55, 98, 62, 37, 27, 65, 70, 43, 52, 96, 8, 64, 0, 99, 6, 88]
3 of 18
Trial 950: [51, 51, 5, 78, 77, 1, 84, 60, 79, 17, 3, 15, 20, 68, 97, 84, 72, 45]
3 of 18
Trial 951: [43, 36, 52, 5, 0, 14, 2, 59, 85, 60, 55, 81, 98, 90, 35, 65, 67, 50]
3 of 18
Trial 952: [94, 92, 45, 79, 42, 29, 45, 39, 0, 42, 11, 36, 92, 62, 54, 83, 84, 50]
2 of 18
Trial 953: [84, 54, 96, 70, 99, 14, 18, 68, 50, 91, 55, 69, 20, 61, 53, 11, 63, 91]
1 of 18
Trial 954: [21, 6, 81, 68, 84, 11, 22, 14, 71, 15, 40, 32, 60, 35, 85, 4, 50, 91]
3 of 18
Trial 955: [67, 51, 15, 86, 42, 50, 87, 24, 82, 59, 58, 56, 93, 67, 7, 79, 99, 51]
1 of 18
Trial 956: [65, 39, 38, 69, 41, 10, 73, 75, 56, 16, 76, 12, 64, 0, 47, 79, 59, 76]
2 of 18
Trial 957: [68, 60, 64, 76, 2, 10, 35, 84, 93, 24, 85, 25, 81, 18, 46, 31, 51, 38]
2 of 18
Trial 958: [24, 31, 78, 1, 54, 98, 80, 35, 97, 85, 37, 49, 4, 88, 4, 68, 68, 17]
3 of 18
Trial 959: [39, 40, 30, 97, 51, 79, 7, 75, 9, 44, 52, 21, 71, 5, 93, 13, 33, 87]
3 of 18
Trial 960: [2, 1, 83, 21, 93, 33, 28, 68, 46, 21, 4, 11, 93, 66, 78, 90, 40, 41]
4 of 18
Trial 961: [95, 41, 11, 33, 48, 61, 88, 59, 14, 15, 16, 80, 63, 96, 39, 88, 7, 28]
2 of 18
Trial 962: [54, 33, 31, 22, 86, 13, 70, 44, 31, 30, 52, 97, 8, 60, 75, 63, 60, 66]
1 of 18
Trial 963: [18, 39, 93, 65, 87, 32, 83, 95, 23, 94, 16, 59, 78, 84, 73, 52, 81, 7]
1 of 18
Trial 964: [8, 90, 86, 92, 11, 19, 41, 73, 46, 95, 86, 72, 55, 71, 90, 37, 8, 68]
3 of 18
Trial 965: [64, 69, 29, 52, 12, 28, 28, 44, 29, 14, 12, 17, 19, 53, 92, 66, 37, 93]
0 of 18
Trial 966: [27, 12, 2, 76, 9, 91, 21, 10, 21, 76, 83, 97, 8, 25, 25, 91, 58, 89]
4 of 18
Trial 967: [68, 76, 82, 43, 7, 55, 66, 63, 13, 92, 47, 59, 75, 44, 17, 22, 64, 69]
1 of 18
Trial 968: [68, 13, 70, 5, 42, 56, 0, 45, 87, 16, 56, 32, 16, 35, 45, 21, 8, 80]
3 of 18
Trial 969: [6, 96, 53, 41, 72, 46, 88, 82, 19, 28, 44, 89, 24, 79, 81, 19, 59, 35]
1 of 18
Trial 970: [98, 52, 3, 98, 36, 62, 7, 73, 8, 62, 14, 68, 93, 72, 61, 61, 61, 80]
3 of 18
Trial 971: [58, 27, 57, 41, 82, 43, 70, 38, 30, 66, 14, 28, 27, 3, 52, 1, 49, 81]
2 of 18
Trial 972: [92, 53, 8, 14, 77, 82, 96, 76, 63, 92, 86, 59, 55, 87, 24, 88, 63, 11]
2 of 18
Trial 973: [40, 50, 1, 43, 9, 66, 45, 95, 30, 11, 38, 43, 69, 63, 36, 65, 92, 3]
4 of 18
Trial 974: [83, 56, 5, 95, 43, 44, 13, 70, 73, 29, 60, 10, 81, 38, 8, 8, 98, 98]
4 of 18
Trial 975: [77, 49, 60, 81, 79, 78, 19, 27, 85, 39, 61, 52, 50, 62, 65, 23, 14, 59]
0 of 18
Trial 976: [84, 2, 6, 46, 43, 99, 9, 1, 87, 60, 9, 34, 83, 34, 46, 78, 94, 7]
6 of 18
Trial 977: [72, 47, 33, 66, 23, 28, 70, 8, 9, 29, 97, 73, 55, 31, 28, 70, 13, 60]
2 of 18
Trial 978: [20, 24, 32, 6, 51, 81, 22, 65, 34, 92, 29, 18, 86, 24, 16, 72, 52, 16]
1 of 18
Trial 979: [16, 21, 50, 72, 59, 64, 80, 40, 42, 29, 68, 66, 36, 93, 24, 86, 94, 88]
0 of 18
Trial 980: [92, 62, 62, 4, 73, 11, 94, 46, 53, 64, 48, 89, 13, 43, 89, 11, 6, 34]
4 of 18
Trial 981: [18, 53, 13, 17, 58, 47, 85, 60, 31, 71, 93, 5, 16, 46, 59, 4, 89, 19]
2 of 18
Trial 982: [37, 70, 99, 3, 61, 74, 65, 35, 50, 45, 42, 79, 37, 15, 28, 21, 85, 49]
1 of 18
Trial 983: [64, 37, 96, 55, 90, 68, 48, 9, 91, 82, 1, 10, 45, 83, 43, 1, 14, 20]
4 of 18
Trial 984: [33, 34, 28, 5, 45, 81, 76, 5, 59, 21, 37, 39, 72, 39, 6, 79, 79, 18]
3 of 18
Trial 985: [17, 75, 9, 67, 44, 46, 96, 71, 19, 26, 29, 41, 93, 41, 36, 57, 59, 31]
1 of 18
Trial 986: [10, 58, 96, 5, 44, 46, 10, 21, 17, 19, 32, 10, 98, 61, 90, 92, 94, 86]
4 of 18
Trial 987: [17, 28, 82, 12, 80, 99, 41, 75, 67, 54, 15, 8, 71, 84, 4, 61, 85, 74]
2 of 18
Trial 988: [48, 55, 48, 56, 58, 19, 61, 24, 10, 80, 3, 27, 9, 22, 6, 57, 8, 91]
5 of 18
Trial 989: [68, 90, 18, 85, 0, 15, 5, 57, 4, 88, 96, 34, 74, 50, 4, 72, 58, 20]
4 of 18
Trial 990: [87, 33, 14, 29, 25, 6, 2, 18, 92, 78, 16, 69, 83, 61, 21, 82, 52, 47]
2 of 18
Trial 991: [16, 11, 1, 20, 8, 84, 42, 92, 46, 86, 61, 13, 90, 23, 1, 66, 10, 52]
5 of 18
Trial 992: [73, 10, 14, 75, 35, 36, 33, 1, 51, 64, 22, 63, 18, 46, 51, 80, 74, 63]
2 of 18
Trial 993: [29, 50, 22, 77, 47, 35, 8, 17, 73, 29, 5, 60, 19, 21, 79, 34, 63, 32]
2 of 18
Trial 994: [77, 7, 78, 7, 15, 45, 15, 48, 59, 60, 88, 37, 72, 10, 98, 18, 30, 2]
4 of 18
Trial 995: [50, 50, 9, 5, 68, 1, 57, 60, 5, 28, 43, 96, 70, 12, 53, 6, 76, 63]
5 of 18
Trial 996: [50, 12, 40, 86, 32, 50, 24, 36, 89, 32, 8, 26, 29, 22, 46, 14, 50, 19]
1 of 18
Trial 997: [43, 66, 41, 20, 52, 38, 25, 56, 24, 31, 9, 7, 75, 64, 12, 98, 42, 50]
2 of 18
Trial 998: [11, 55, 45, 48, 31, 66, 60, 50, 59, 10, 69, 89, 22, 72, 99, 7, 39, 58]
3 of 18
Trial 999: [68, 34, 19, 35, 48, 40, 68, 46, 17, 67, 3, 37, 6, 0, 31, 50, 49, 94]
3 of 18
Trial 1000: [4, 53, 25, 47, 5, 89, 89, 66, 51, 74, 39, 2, 58, 92, 87, 49, 6, 21]
4 of 18
664 of 1000 (0.664) probability