Enter Minimum:  0
Enter Maximum:  99
Enter Repetitions:  18
Enter Trials:  10
Enter the highest event number inclusive:  11
Enter the number of necessary positives for a trial to be counted:  2
Trial 1: [56, 17, 91, 55, 76, 48, 70, 56, 33, 18, 2, 59, 83, 15, 18, 24, 3, 51]
2 of 18
Trial 2: [21, 57, 12, 72, 7, 93, 36, 40, 87, 79, 20, 85, 70, 84, 33, 51, 1, 58]
2 of 18
Trial 3: [15, 21, 66, 88, 49, 97, 37, 99, 46, 11, 37, 87, 99, 23, 91, 70, 17, 33]
1 of 18
Trial 4: [42, 8, 45, 87, 59, 51, 39, 96, 72, 50, 37, 13, 5, 90, 89, 16, 60, 40]
2 of 18
Trial 5: [46, 51, 6, 17, 94, 29, 74, 38, 9, 47, 71, 18, 68, 23, 43, 83, 38, 67]
2 of 18
Trial 6: [50, 96, 36, 33, 68, 43, 5, 35, 10, 9, 59, 4, 79, 7, 17, 24, 37, 82]
5 of 18
Trial 7: [1, 89, 76, 11, 77, 67, 84, 55, 14, 94, 93, 46, 83, 41, 43, 94, 66, 55]
2 of 18
Trial 8: [87, 23, 20, 35, 89, 25, 32, 53, 5, 74, 72, 51, 60, 44, 59, 61, 13, 52]
1 of 18
Trial 9: [66, 22, 84, 72, 46, 58, 11, 46, 23, 77, 43, 92, 75, 14, 67, 85, 61, 6]
2 of 18
Trial 10: [87, 96, 66, 84, 12, 11, 46, 18, 85, 47, 98, 36, 49, 11, 16, 10, 13, 75]
3 of 18
8 of 10 (0.8) probability